Inference for Stan model: anon_model_9a4625ae0c00f307fe8c2f96c1066e75.
4 chains, each with iter=750; warmup=250; thin=1; 
post-warmup draws per chain=500, total post-warmup draws=2000.

              mean se_mean     sd   2.5%    25%    50%    75%  97.5%  n_eff   Rhat
theta[0]      0.39    0.15   0.21 9.4e-3    0.2   0.46   0.53    0.7      2    2.2
theta[1]      0.54    0.21    0.3 8.8e-3   0.46   0.64   0.69   0.99      2   3.33
theta[2]      0.67    0.12   0.17   0.53   0.56   0.58   0.82   0.99      2   4.69
rho_eta[0]    0.54  8.0e-3   0.13   0.28   0.46   0.54   0.64   0.78    262   1.01
rho_eta[1]    0.64  9.4e-3   0.19   0.22   0.52   0.67   0.78   0.92    390   1.01
rho_eta[2]    0.58  5.8e-3   0.13    0.3    0.5   0.59   0.67    0.8    506   1.01
rho_eta[3]    0.03  4.7e-3   0.05 1.6e-3 8.0e-3   0.02   0.04   0.18    104   1.04
rho_eta[4]  1.4e-3  4.8e-5 2.2e-3 2.0e-5 2.3e-4 7.1e-4 1.7e-3 7.2e-3   2000    1.0
rho_eta[5]     1.0  2.7e-4 9.2e-3   0.97    1.0    1.0    1.0    1.0   1123    1.0
rho_eta[6]    0.67  5.6e-3   0.09   0.48   0.61   0.67   0.73   0.82    235   1.02
rho_eta[7]    0.53    0.01   0.12   0.23   0.47   0.56   0.62   0.71     80   1.05
rho_eta[8]    0.36  7.7e-3   0.09    0.2    0.3   0.36   0.42   0.56    127   1.04
lambda_eta     2.0  7.9e-3   0.22   1.57   1.85    2.0   2.14   2.47    802    1.0
lambda_e     40.98    0.21   5.77  31.03  36.76  40.45  44.86  52.34    733   1.01
beta_eta[0]   2.56    0.06   1.07    1.0   1.79   2.43   3.12   5.14    291   1.01
beta_eta[1]   1.98    0.07   1.45   0.32   0.98   1.58   2.59   6.03    463   1.01
beta_eta[2]    2.3    0.05   1.05   0.91   1.57   2.08    2.8   4.79    542   1.01
beta_eta[3]  16.16    1.07    4.8   6.83  12.78   16.1  19.29  25.75     20   1.08
beta_eta[4]  29.77    0.21   6.05  19.73  25.44  28.97  33.58  43.38    815   1.01
beta_eta[5]   0.02  1.1e-3   0.04 5.6e-6 7.5e-4 4.4e-3   0.01   0.12   1138    1.0
beta_eta[6]   1.66    0.03   0.54   0.78   1.27    1.6   1.97    2.9    249   1.02
beta_eta[7]   2.66    0.13   1.18   1.39    1.9   2.34   3.01   5.85     77   1.05
beta_eta[8]   4.17    0.08    1.0   2.29   3.49   4.09   4.78   6.47    144   1.03
lp__        300.74    4.81    6.8 286.51 294.71 303.08 305.94 309.47      2   2.17

Samples were drawn using NUTS at Tue Dec 19 15:07:56 2017.
For each parameter, n_eff is a crude measure of effective sample size,
and Rhat is the potential scale reduction factor on split chains (at 
convergence, Rhat=1).