Inference for Stan model: anon_model_9a4625ae0c00f307fe8c2f96c1066e75.
4 chains, each with iter=750; warmup=250; thin=1; 
post-warmup draws per chain=500, total post-warmup draws=2000.

              mean se_mean     sd   2.5%    25%    50%    75%  97.5%  n_eff   Rhat
theta[0]      0.59    0.02   0.22   0.22   0.42   0.55   0.79   0.97    117   1.02
theta[1]      0.32    0.02   0.21   0.02   0.15   0.31   0.43   0.87     79   1.04
theta[2]      0.57    0.02   0.14    0.4   0.49   0.53   0.59   0.95     45   1.07
theta[3]      0.34    0.02   0.22   0.03   0.18   0.29   0.45   0.88     81   1.04
rho_eta[0]    0.87  2.0e-3   0.06   0.71   0.83   0.88   0.91   0.96    995    1.0
rho_eta[1]    0.98  5.7e-4   0.03   0.91   0.97   0.99    1.0    1.0   2000    1.0
rho_eta[2]    0.54  5.5e-3   0.15   0.25   0.43   0.54   0.65   0.83    744   1.01
rho_eta[3]    0.09  2.4e-3   0.07 5.8e-3   0.04   0.08   0.13   0.27    864   1.01
rho_eta[4]    0.02  6.1e-4   0.02 1.6e-3 8.3e-3   0.02   0.03   0.09   1457    1.0
rho_eta[5]    0.96  1.7e-3   0.06    0.8   0.95   0.98   0.99    1.0   1318    1.0
rho_eta[6]    0.45  7.1e-3   0.16   0.17   0.33   0.43   0.55   0.79    505    1.0
rho_eta[7]    0.58  9.7e-3    0.2   0.21   0.41    0.6   0.75   0.88    419   1.01
rho_eta[8]    0.25  8.4e-3   0.15   0.04   0.14   0.21   0.36   0.57    310   1.01
rho_eta[9]    0.84  4.4e-3   0.09   0.59   0.81   0.87   0.91   0.95    461   1.01
lambda_eta     1.8  4.9e-3    0.2   1.41   1.66    1.8   1.93   2.19   1684    1.0
lambda_e     25.89    0.07   2.87  20.73  23.94  25.64  27.79   31.9   1647    1.0
beta_eta[0]   0.59  9.9e-3   0.31   0.18   0.37   0.52   0.74   1.36    965    1.0
beta_eta[1]   0.09  2.4e-3   0.11 3.3e-4   0.02   0.05   0.12   0.38   2000    1.0
beta_eta[2]   2.64    0.04   1.25   0.75   1.71   2.46   3.34   5.62    808    1.0
beta_eta[3]  11.01    0.19   3.97   5.25   8.27  10.36  13.16  20.63    446   1.01
beta_eta[4]  16.82     0.1   3.96   9.61  14.22  16.55  19.17  25.74   1545    1.0
beta_eta[5]   0.18  9.0e-3   0.33 6.5e-4   0.03   0.09    0.2   0.88   1335    1.0
beta_eta[6]   3.55    0.08   1.82   0.95    2.4   3.35   4.39   7.05    473    1.0
beta_eta[7]    2.5    0.09   1.63   0.52   1.15   2.06   3.57   6.33    359   1.01
beta_eta[8]   6.37    0.15   2.82   2.27   4.07   6.17    8.0  12.67    369    1.0
beta_eta[9]   0.71    0.03   0.54    0.2   0.39   0.57   0.84    2.1    444   1.01
lp__        285.83    0.24   3.53 277.83 283.73 286.26  288.4 291.59    224   1.02

Samples were drawn using NUTS at Tue Dec 12 23:20:15 2017.
For each parameter, n_eff is a crude measure of effective sample size,
and Rhat is the potential scale reduction factor on split chains (at 
convergence, Rhat=1).