Inference for Stan model: anon_model_9a4625ae0c00f307fe8c2f96c1066e75.
4 chains, each with iter=500; warmup=250; thin=1; 
post-warmup draws per chain=250, total post-warmup draws=1000.

              mean se_mean     sd   2.5%    25%    50%    75%  97.5%  n_eff   Rhat
theta[0]      0.63    0.03   0.24   0.19   0.42   0.61   0.85   0.98     47   1.08
theta[1]      0.34    0.06    0.2   0.03    0.2   0.34   0.43   0.87     11   1.13
theta[2]      0.58    0.05   0.15   0.38   0.49   0.54    0.6   0.96      8   1.23
theta[3]      0.34    0.04   0.21   0.04   0.18   0.29   0.46   0.87     25   1.12
rho_eta[0]    0.86  3.9e-3   0.07   0.69   0.82   0.87   0.91   0.95    322    1.0
rho_eta[1]    0.98  8.3e-4   0.03   0.92   0.97   0.99    1.0    1.0   1000    1.0
rho_eta[2]    0.56    0.01   0.16   0.26   0.45   0.57   0.67   0.87    213   1.01
rho_eta[3]    0.09  3.6e-3   0.07 4.9e-3   0.04   0.07   0.12   0.27    386   1.01
rho_eta[4]    0.02  1.1e-3   0.02 1.6e-3 7.8e-3   0.02   0.03    0.1    484    1.0
rho_eta[5]    0.96  2.4e-3   0.06   0.82   0.95   0.98   0.99    1.0    721    1.0
rho_eta[6]    0.47    0.01   0.17   0.15   0.34   0.45   0.59   0.83    189   1.01
rho_eta[7]    0.54    0.01    0.2   0.21   0.36   0.51   0.72   0.88    176   1.01
rho_eta[8]    0.29    0.01   0.16   0.05   0.16   0.26   0.42   0.61    190   1.02
rho_eta[9]    0.82    0.01   0.13   0.39   0.79   0.86    0.9   0.95    130   1.01
lambda_eta     1.8  6.6e-3   0.21   1.42   1.65    1.8   1.93   2.23   1000    1.0
lambda_e     25.96    0.09   2.71  21.14  23.98  25.82   27.8  31.51    846    1.0
beta_eta[0]   0.63    0.02   0.35    0.2   0.38   0.54   0.77   1.51    323    1.0
beta_eta[1]   0.09  3.6e-3   0.11 7.4e-5   0.01   0.05   0.11   0.35   1000    1.0
beta_eta[2]   2.46    0.08   1.21   0.58    1.6   2.24   3.16   5.38    242   1.01
beta_eta[3]   11.2    0.22   3.96    5.2   8.49  10.57  13.29  21.27    335   1.01
beta_eta[4]  16.93    0.18   3.97   9.42  14.01  16.56  19.43  25.68    463    1.0
beta_eta[5]   0.17    0.01   0.36 2.9e-4   0.03   0.09   0.19    0.8    745    1.0
beta_eta[6]   3.38    0.11   1.72   0.77   2.13   3.15   4.34   7.54    237   1.01
beta_eta[7]   2.81    0.12   1.65   0.52   1.33   2.67   4.03   6.32    193   1.01
beta_eta[8]    5.8     0.2   2.83   1.95   3.51   5.34   7.44  12.32    206   1.02
beta_eta[9]   0.85    0.08   0.91   0.21   0.41   0.59   0.92    3.8    129   1.01
lp__        285.72    0.28   3.55 277.95 283.41 285.97 288.24 291.88    159   1.03

Samples were drawn using NUTS at Mon Dec 11 14:16:08 2017.
For each parameter, n_eff is a crude measure of effective sample size,
and Rhat is the potential scale reduction factor on split chains (at 
convergence, Rhat=1).