Inference for Stan model: anon_model_9a4625ae0c00f307fe8c2f96c1066e75.
4 chains, each with iter=750; warmup=250; thin=1; 
post-warmup draws per chain=500, total post-warmup draws=2000.

              mean se_mean     sd   2.5%    25%    50%    75%  97.5%  n_eff   Rhat
theta[0]      0.67    0.02   0.24   0.18   0.47   0.71   0.89   0.99    131   1.01
theta[1]      0.35    0.02   0.21   0.01   0.19   0.34   0.47   0.84    115   1.04
theta[2]      0.62    0.02   0.17   0.39    0.5   0.56   0.75   0.97     87   1.04
theta[3]      0.34    0.02   0.23   0.03   0.17    0.3   0.48    0.9    212   1.01
rho_eta[0]    0.82  4.4e-3   0.09    0.6   0.78   0.84   0.89   0.94    395   1.01
rho_eta[1]    0.98  6.9e-4   0.03   0.89   0.97   0.99    1.0    1.0   2000    1.0
rho_eta[2]    0.65  8.9e-3   0.15   0.32   0.55   0.66   0.76   0.91    291   1.01
rho_eta[3]    0.09  3.1e-3   0.08 4.7e-3   0.03   0.06   0.12   0.28    606    1.0
rho_eta[4]    0.02  5.9e-4   0.02 1.4e-3 6.7e-3   0.01   0.02   0.07   1182    1.0
rho_eta[5]    0.97  1.4e-3   0.05   0.87   0.95   0.98   0.99    1.0   1301    1.0
rho_eta[6]    0.53    0.01   0.18   0.19   0.39   0.51   0.67   0.86    191   1.01
rho_eta[7]    0.53    0.02   0.21    0.2   0.36   0.47   0.71   0.89    130   1.02
rho_eta[8]    0.31    0.01   0.16   0.04   0.16   0.31   0.44    0.6    191   1.01
rho_eta[9]    0.81    0.01   0.14    0.4   0.78   0.85    0.9   0.95    164   1.02
lambda_eta    1.08  3.1e-3   0.12   0.85   0.99   1.08   1.16   1.32   1480    1.0
lambda_e     14.44    0.05   1.62  11.44  13.32  14.33  15.51  17.78   1295    1.0
beta_eta[0]    0.8    0.02   0.46   0.23   0.47   0.69   1.02   2.07    384   1.01
beta_eta[1]   0.09  3.0e-3   0.14 1.1e-4   0.01   0.04   0.12   0.45   2000    1.0
beta_eta[2]   1.86    0.05   1.07   0.38   1.09   1.68    2.4   4.54    421   1.01
beta_eta[3]  11.64    0.18   4.32   5.02   8.45  10.99  14.18  21.41    556    1.0
beta_eta[4]  17.79    0.13   3.92  10.57   15.2  17.49  20.01  26.21    935    1.0
beta_eta[5]   0.15  7.8e-3   0.29 1.1e-3   0.03   0.09   0.19   0.56   1398    1.0
beta_eta[6]   2.85     0.1   1.59   0.59   1.59   2.72   3.81    6.7    233   1.01
beta_eta[7]   2.91    0.14   1.71   0.48   1.34   2.99   4.04   6.49    151   1.02
beta_eta[8]   5.53    0.21   2.92   2.02   3.26   4.71   7.27  12.43    202   1.01
beta_eta[9]   0.92    0.07   0.95   0.19   0.42   0.63    1.0   3.62    165   1.02
lp__        139.25    0.21   3.67 131.04 136.94 139.65 141.88 145.37    299   1.02

Samples were drawn using NUTS at Wed Dec 13 22:49:06 2017.
For each parameter, n_eff is a crude measure of effective sample size,
and Rhat is the potential scale reduction factor on split chains (at 
convergence, Rhat=1).