Inference for Stan model: anon_model_9a4625ae0c00f307fe8c2f96c1066e75.
4 chains, each with iter=750; warmup=250; thin=1; 
post-warmup draws per chain=500, total post-warmup draws=2000.

              mean se_mean     sd   2.5%    25%    50%    75%  97.5%  n_eff   Rhat
theta[0]      0.45    0.02   0.21   0.13    0.3   0.39   0.55   0.94    109   1.04
theta[1]      0.49    0.03   0.16   0.27    0.4   0.46   0.53    0.9     29   1.13
theta[2]      0.54    0.02   0.13   0.36   0.47   0.51   0.56    0.9     30   1.13
theta[3]      0.38    0.02   0.15   0.13   0.29   0.36   0.44   0.76     67   1.06
rho_eta[0]    0.86  1.4e-3   0.06   0.71   0.82   0.87   0.91   0.96   2000    1.0
rho_eta[1]    0.97  8.0e-4   0.04   0.87   0.96   0.98   0.99    1.0   2000    1.0
rho_eta[2]    0.38  2.8e-3   0.13   0.16   0.29   0.37   0.47   0.64   2000    1.0
rho_eta[3]    0.01  5.3e-4   0.02 9.9e-6 1.4e-3 5.3e-3   0.02   0.07   1459    1.0
rho_eta[4]  2.0e-3  1.1e-4 5.0e-3 3.2e-6 1.1e-4 5.0e-4 1.7e-3   0.01   2000    1.0
rho_eta[5]    0.92  2.5e-3   0.11   0.58    0.9   0.95   0.98    1.0   2000    1.0
rho_eta[6]    0.57  4.5e-3   0.14   0.28   0.48   0.58   0.68   0.83   1048    1.0
rho_eta[7]     0.3  2.5e-3   0.11   0.11   0.22   0.29   0.37   0.54   2000    1.0
rho_eta[8]    0.42  3.3e-3   0.13   0.16   0.33   0.42   0.51   0.66   1536    1.0
rho_eta[9]    0.66  3.1e-3   0.12   0.38   0.59   0.68   0.75   0.84   1523    1.0
lambda_eta    0.86  2.0e-3   0.09   0.69   0.79   0.86   0.92   1.04   2000    1.0
lambda_e      7.25    0.02    0.8    5.8   6.69   7.19   7.77    9.0   2000    1.0
beta_eta[0]   0.62  7.0e-3   0.31   0.17   0.38   0.56   0.79   1.36   2000    1.0
beta_eta[1]   0.13  3.4e-3   0.15 4.0e-4   0.03   0.08   0.17   0.57   2000    1.0
beta_eta[2]    4.1    0.03   1.46   1.76   3.06   3.95   4.95   7.33   2000    1.0
beta_eta[3]  22.64    0.36   8.83  10.78  16.63  20.92  26.33  46.07    587   1.01
beta_eta[4]  31.35    0.19   8.43  17.06  25.41  30.41  36.35  50.59   2000    1.0
beta_eta[5]    0.4    0.02   0.74 2.6e-3   0.09   0.21   0.43   2.16   1512    1.0
beta_eta[6]   2.38    0.03   1.14   0.75   1.57   2.19   2.97   5.14   1092    1.0
beta_eta[7]   5.13    0.04   1.63   2.46    4.0   4.95   6.01   8.82   1473    1.0
beta_eta[8]   3.74    0.04   1.47   1.66   2.72   3.46   4.48   7.45   1434    1.0
beta_eta[9]   1.76    0.02   0.86    0.7   1.18   1.56   2.14   3.91   1359    1.0
lp__        -69.08     0.3   3.86 -77.59 -71.52 -68.64 -66.36 -62.76    162   1.03

Samples were drawn using NUTS at Thu Dec 14 21:30:04 2017.
For each parameter, n_eff is a crude measure of effective sample size,
and Rhat is the potential scale reduction factor on split chains (at 
convergence, Rhat=1).