Inference for Stan model: anon_model_9a4625ae0c00f307fe8c2f96c1066e75.
4 chains, each with iter=750; warmup=250; thin=1; 
post-warmup draws per chain=500, total post-warmup draws=2000.

              mean se_mean     sd   2.5%    25%    50%    75%  97.5%  n_eff   Rhat
theta[0]      0.28  3.4e-3   0.08   0.09   0.24   0.28   0.32   0.42    519    1.0
theta[1]      0.21    0.17   0.24 3.8e-3   0.04    0.1   0.49   0.65      2   3.76
theta[2]       0.2    0.04   0.09   0.02   0.14   0.21   0.25   0.35      6    1.2
rho_eta[0]    0.74  1.6e-3   0.07   0.59    0.7   0.75   0.79   0.86   2000   1.02
rho_eta[1]    0.99  4.0e-4   0.02   0.94   0.98   0.99    1.0    1.0   2000    1.0
rho_eta[2]    0.33    0.09   0.16    0.1   0.19    0.3   0.47   0.64      3   1.99
rho_eta[3]    0.42    0.08   0.17   0.12   0.29   0.42   0.55   0.73      4   1.34
rho_eta[4]  8.5e-6  4.0e-7 1.8e-5 4.1e-8 7.2e-7 2.6e-6 8.2e-6 5.4e-5   2000    nan
rho_eta[5]    0.98  7.6e-3   0.02   0.93   0.98   0.99    1.0    1.0      7   1.14
rho_eta[6]    0.48    0.16   0.23   0.15   0.26   0.48    0.7   0.82      2   3.17
rho_eta[7]    0.51    0.33   0.47 9.1e-3   0.03   0.55   0.98   0.99      2  27.03
rho_eta[8]    0.49     0.2   0.28   0.07   0.21   0.52   0.76   0.86      2   3.16
lambda_eta    1.04  2.7e-3   0.12   0.81   0.95   1.03   1.11   1.29   2000   1.02
lambda_e     12.48    0.95   2.13   8.69  10.94  12.33  13.94   17.0      5   1.28
beta_eta[0]   1.21  8.7e-3   0.39    0.6   0.93   1.16   1.44   2.14   2000   1.02
beta_eta[1]   0.05  1.7e-3   0.08 8.7e-5 6.1e-3   0.03   0.07   0.25   2000    1.0
beta_eta[2]   4.96    1.25   2.17    1.8    3.0   4.87   6.69   9.14      3   1.88
beta_eta[3]   3.87    0.87   1.95   1.24   2.39   3.48   4.99    8.4      5   1.28
beta_eta[4]  52.07    1.98   7.43  39.28  46.83  51.43  56.57  68.03     14   1.07
beta_eta[5]   0.07    0.03   0.09 4.0e-4   0.02   0.04   0.09   0.29      8   1.14
beta_eta[6]   3.46    1.53   2.17   0.79   1.44   2.98   5.32   7.52      2   2.53
beta_eta[7]   7.08    5.13   7.26   0.03   0.07   3.39  13.91   18.8      2   4.14
beta_eta[8]   3.89    1.87   3.23   0.59   1.11   2.62   6.28  10.65      3   1.94
lp__        101.81    4.36   6.17   90.7  96.87 101.12 107.49 111.55      2   2.09

Samples were drawn using NUTS at Mon Dec 18 16:26:50 2017.
For each parameter, n_eff is a crude measure of effective sample size,
and Rhat is the potential scale reduction factor on split chains (at 
convergence, Rhat=1).