Inference for Stan model: anon_model_9a4625ae0c00f307fe8c2f96c1066e75.
4 chains, each with iter=500; warmup=250; thin=1; 
post-warmup draws per chain=250, total post-warmup draws=1000.

              mean se_mean     sd   2.5%    25%    50%    75%  97.5%  n_eff   Rhat
theta[0]       0.8    0.01   0.18   0.34   0.71   0.87   0.93   0.99    304   1.01
theta[1]      0.49  5.1e-3   0.11   0.27   0.42    0.5   0.56    0.7    440   1.01
theta[2]      0.78  6.2e-3   0.11   0.51   0.71    0.8   0.86   0.95    337   1.01
theta[3]      0.21  7.7e-3   0.15 6.7e-3    0.1   0.19    0.3   0.56    394   1.01
rho_eta[0]    0.66  3.8e-3    0.1   0.46    0.6   0.66   0.73   0.83    682   1.01
rho_eta[1]    0.98  7.4e-4   0.02   0.91   0.98   0.99    1.0    1.0   1000    1.0
rho_eta[2]    0.91  2.5e-3   0.06   0.76   0.88   0.93   0.95   0.99    539   1.01
rho_eta[3]    0.02  1.0e-3   0.02 2.3e-3 9.1e-3   0.02   0.03   0.08    519   1.01
rho_eta[4]  6.0e-3  1.8e-4 5.5e-3 3.0e-4 2.1e-3 4.3e-3 8.0e-3   0.02   1000    1.0
rho_eta[5]    0.98  5.6e-4   0.02   0.94   0.98   0.99   0.99    1.0    747    1.0
rho_eta[6]    0.87  2.5e-3   0.06   0.73   0.84   0.88   0.91   0.94    489   1.01
rho_eta[7]    0.45  2.6e-3   0.06   0.31   0.41   0.45   0.49   0.56    629    1.0
rho_eta[8]     0.6  4.4e-3   0.09   0.42   0.54    0.6   0.66   0.75    382    1.0
rho_eta[9]    0.88  3.1e-3   0.07   0.69   0.85    0.9   0.93   0.97    549   1.01
lambda_eta     1.5  6.6e-3    0.2   1.11   1.36    1.5   1.63   1.89    917    1.0
lambda_e     21.78    0.07   2.32  17.22  20.26  21.72  23.29  26.47   1000    1.0
beta_eta[0]   1.71    0.02   0.64   0.73   1.26   1.63   2.06   3.12    664    1.0
beta_eta[1]   0.07  3.1e-3    0.110.0e-5 8.8e-3   0.03    0.1   0.36   1000    1.0
beta_eta[2]   0.38    0.01   0.26   0.05   0.19   0.31   0.49   1.08    549   1.01
beta_eta[3]  16.31    0.16    3.7   9.93   13.6  16.12  18.79  24.28    529    1.0
beta_eta[4]  22.22    0.18   4.22  15.62  19.31  21.75  24.62  32.49    546    1.0
beta_eta[5]   0.07  2.3e-3   0.06 3.9e-3   0.03   0.05   0.09   0.24    745   1.01
beta_eta[6]   0.57    0.01   0.27   0.23   0.39   0.52   0.68   1.23    484   1.01
beta_eta[7]   3.27    0.03   0.61   2.29   2.85   3.18   3.58   4.69    558    1.0
beta_eta[8]   2.11    0.03   0.61   1.15   1.65   2.05   2.44   3.52    379   1.01
beta_eta[9]   0.53    0.01   0.36   0.12   0.29   0.44   0.66   1.46    571   1.01
lp__        319.65    0.18   3.31 311.46 317.67 319.99  322.0 324.97    329   1.01

Samples were drawn using NUTS at Mon Dec 11 13:46:38 2017.
For each parameter, n_eff is a crude measure of effective sample size,
and Rhat is the potential scale reduction factor on split chains (at 
convergence, Rhat=1).