Inference for Stan model: anon_model_9a4625ae0c00f307fe8c2f96c1066e75.
4 chains, each with iter=750; warmup=250; thin=1; 
post-warmup draws per chain=500, total post-warmup draws=2000.

              mean se_mean     sd   2.5%    25%    50%    75%  97.5%  n_eff   Rhat
theta[0]      0.36    0.01   0.13   0.13   0.28   0.34   0.41   0.72    127   1.03
theta[1]      0.46    0.01    0.1   0.32   0.41   0.44   0.49   0.81     46   1.09
theta[2]       0.5    0.01   0.08   0.37   0.46   0.49   0.53   0.76     53   1.09
theta[3]      0.35  8.5e-3    0.1   0.18   0.29   0.34    0.4   0.57    127   1.03
rho_eta[0]    0.85  1.5e-3   0.07   0.68   0.81   0.86    0.9   0.96   2000    1.0
rho_eta[1]    0.97  8.2e-4   0.04   0.87   0.96   0.98   0.99    1.0   2000    1.0
rho_eta[2]    0.37  2.6e-3   0.12   0.15   0.29   0.37   0.45   0.62   2000    1.0
rho_eta[3]  3.0e-3  1.7e-4 6.7e-3 2.5e-7 1.1e-4 6.3e-4 2.8e-3   0.02   1551    1.0
rho_eta[4]  4.5e-4  5.0e-5 2.0e-3 1.8e-8 3.7e-6 3.1e-5 2.0e-4 3.6e-3   1634    1.0
rho_eta[5]    0.93  3.4e-3    0.1   0.65   0.91   0.96   0.98    1.0    811   1.01
rho_eta[6]    0.63  4.0e-3   0.14   0.34   0.54   0.64   0.74   0.88   1204    1.0
rho_eta[7]     0.3  3.1e-3   0.11   0.11   0.22   0.29   0.36   0.53   1219    1.0
rho_eta[8]     0.5  3.6e-3   0.12   0.22   0.43   0.51   0.59   0.72   1195    1.0
rho_eta[9]    0.63  2.9e-3   0.12   0.35   0.57   0.65   0.72   0.82   1635    1.0
lambda_eta    1.16  2.8e-3   0.13   0.92   1.07   1.16   1.25   1.41   2000    1.0
lambda_e      8.63    0.02   1.04   6.89   7.87   8.56   9.26  10.96   2000    1.0
beta_eta[0]   0.65  7.6e-3   0.34   0.17   0.41   0.59   0.84   1.54   2000    1.0
beta_eta[1]   0.13  3.6e-3   0.16 3.2e-4   0.03   0.08   0.18   0.58   2000    1.0
beta_eta[2]   4.15    0.03   1.39   1.93   3.16   3.99   4.91   7.47   2000    1.0
beta_eta[3]   31.5    0.49  11.73  15.67  23.48  29.46  36.55  60.75    563    1.0
beta_eta[4]   42.8    0.31   12.2   22.5  34.09  41.51  49.99  71.31   1522    1.0
beta_eta[5]   0.34    0.02   0.58 2.5e-3   0.06   0.17   0.37   1.71    894   1.01
beta_eta[6]   1.95    0.03   0.99   0.51   1.22   1.79   2.45   4.35   1269    1.0
beta_eta[7]   5.17    0.04   1.57   2.51   4.09   5.02   6.09   8.68   1375    1.0
beta_eta[8]   2.89    0.04   1.17   1.31   2.08   2.66    3.4   6.01   1054    1.0
beta_eta[9]   1.92    0.02   0.87   0.78   1.32   1.74   2.28   4.17   1521    1.0
lp__        -12.82    0.29   3.72 -21.38 -15.06 -12.36  -10.1  -6.95    165   1.03

Samples were drawn using NUTS at Wed Dec 13 03:07:16 2017.
For each parameter, n_eff is a crude measure of effective sample size,
and Rhat is the potential scale reduction factor on split chains (at 
convergence, Rhat=1).