Inference for Stan model: anon_model_9a4625ae0c00f307fe8c2f96c1066e75.
4 chains, each with iter=500; warmup=250; thin=1; 
post-warmup draws per chain=250, total post-warmup draws=1000.

              mean se_mean     sd   2.5%    25%    50%    75%  97.5%  n_eff   Rhat
theta[0]      0.36  8.2e-3   0.14   0.14   0.28   0.34   0.42   0.78    290   1.01
theta[1]      0.45  2.4e-3   0.07   0.33   0.41   0.45   0.49   0.59    775    1.0
theta[2]      0.49  2.3e-3   0.06   0.36   0.45   0.49   0.53   0.62    774    1.0
theta[3]      0.35  3.3e-3   0.08   0.19   0.29   0.34   0.39   0.53    662    1.0
rho_eta[0]    0.85  2.4e-3   0.07   0.69   0.81   0.85    0.9   0.95    800    1.0
rho_eta[1]    0.97  1.1e-3   0.03   0.87   0.96   0.98   0.99    1.0   1000    1.0
rho_eta[2]    0.37  3.8e-3   0.12   0.15   0.28   0.37   0.44   0.62   1000    1.0
rho_eta[3]  3.8e-3  3.1e-4 8.2e-3 5.8e-7 1.5e-4 1.1e-3 4.0e-3   0.02    677    1.0
rho_eta[4]  4.1e-4  4.1e-5 1.3e-3 5.4e-8 7.3e-6 4.6e-5 2.3e-4 3.3e-3   1000    1.0
rho_eta[5]    0.92  5.0e-3   0.11   0.65    0.9   0.95   0.98    1.0    443   1.01
rho_eta[6]    0.62  5.6e-3   0.14   0.33   0.53   0.64   0.73   0.88    642    1.0
rho_eta[7]    0.29  4.7e-3   0.11    0.1   0.21   0.28   0.35   0.56    558   1.01
rho_eta[8]    0.48  4.1e-3   0.13   0.21   0.39   0.48   0.57    0.7   1000    1.0
rho_eta[9]    0.62  5.1e-3   0.12   0.33   0.56   0.64   0.71    0.8    568    1.0
lambda_eta    0.83  3.2e-3   0.09   0.65   0.76   0.83   0.89   1.01    811    1.0
lambda_e       6.1    0.03   0.71   4.84   5.59   6.04   6.52   7.61    761    1.0
beta_eta[0]   0.67    0.01   0.33   0.19   0.43   0.63   0.85   1.49    814    1.0
beta_eta[1]   0.13  4.8e-3   0.15 3.9e-4   0.02   0.08   0.18   0.56   1000    1.0
beta_eta[2]   4.26    0.05    1.5    1.9   3.28   4.02   5.06   7.69   1000    1.0
beta_eta[3]  29.94    0.63  11.14  15.37  22.12  27.37  35.13  57.47    313   1.01
beta_eta[4]  41.18    0.39  11.07   22.8   33.6  39.93  47.32  66.92    794    1.0
beta_eta[5]   0.37    0.04   0.68 2.5e-3   0.07   0.19   0.42   1.71    351   1.01
beta_eta[6]    2.0    0.04   1.01   0.51   1.28    1.8   2.53   4.43    690    1.0
beta_eta[7]   5.28    0.07   1.65   2.35   4.15   5.13   6.25   9.25    607   1.01
beta_eta[8]   3.14    0.04   1.27   1.43   2.23   2.92    3.8   6.27    829    1.0
beta_eta[9]   1.99    0.04   0.97   0.87   1.36   1.76   2.35   4.47    502    1.0
lp__        -111.2    0.19   3.47 -119.3 -113.3 -110.9 -108.6 -105.6    346   1.01

Samples were drawn using NUTS at Fri Dec  8 13:02:27 2017.
For each parameter, n_eff is a crude measure of effective sample size,
and Rhat is the potential scale reduction factor on split chains (at 
convergence, Rhat=1).