Inference for Stan model: anon_model_9a4625ae0c00f307fe8c2f96c1066e75.
4 chains, each with iter=500; warmup=250; thin=1; 
post-warmup draws per chain=250, total post-warmup draws=1000.

              mean se_mean     sd   2.5%    25%    50%    75%  97.5%  n_eff   Rhat
theta[0]      0.74    0.01    0.2   0.32   0.59   0.78   0.91   0.99    286   1.01
theta[1]      0.51  4.9e-3   0.11   0.29   0.44    0.5   0.58    0.7    488    1.0
theta[2]      0.77  7.2e-3   0.12   0.51    0.7   0.79   0.86   0.95    259   1.01
theta[3]       0.2  6.1e-3   0.14   0.01    0.1   0.18   0.27   0.54    535    1.0
rho_eta[0]    0.62  3.5e-3    0.1   0.39   0.56   0.63   0.69   0.81    879    1.0
rho_eta[1]    0.98  5.8e-4   0.02   0.93   0.98   0.99    1.0    1.0   1000    1.0
rho_eta[2]    0.93  1.7e-3   0.05   0.81   0.91   0.94   0.96   0.99    754    1.0
rho_eta[3]    0.04  1.2e-3   0.03 4.8e-3   0.02   0.03   0.05   0.11    548    1.0
rho_eta[4]  3.5e-3  1.3e-4 3.5e-3 8.9e-5 1.0e-3 2.6e-3 4.8e-3   0.01    725    1.0
rho_eta[5]    0.99  4.7e-4   0.01   0.96   0.98   0.99   0.99    1.0    760    1.0
rho_eta[6]    0.88  1.8e-3   0.05   0.77   0.86   0.89   0.92   0.95    673    1.0
rho_eta[7]    0.44  2.6e-3   0.06   0.31    0.4   0.44   0.48   0.55    547   1.01
rho_eta[8]    0.58  4.3e-3   0.09    0.4   0.52   0.58   0.64   0.74    409    1.0
rho_eta[9]    0.89  2.1e-3   0.06   0.76   0.86   0.91   0.93   0.98    726   1.01
lambda_eta    1.09  4.4e-3   0.14   0.84    1.0   1.09   1.18   1.37    985    1.0
lambda_e     14.01    0.05   1.55  11.18  12.88  13.96  15.07  17.21   1000    1.0
beta_eta[0]   1.95    0.02   0.71   0.84   1.47   1.85   2.32   3.81    839    1.0
beta_eta[1]   0.06  2.4e-3   0.08 9.4e-5   0.01   0.04   0.08   0.28   1000    1.0
beta_eta[2]   0.29  7.4e-3    0.2   0.04   0.16   0.24   0.37   0.84    762    1.0
beta_eta[3]   14.5    0.15   3.18   8.88  12.33  14.18  16.51  21.32    446    1.0
beta_eta[4]  24.92     0.3   5.19  17.45  21.33  23.83  27.58  37.33    305    1.0
beta_eta[5]   0.06  1.9e-3   0.05 3.6e-3   0.02   0.04   0.07   0.18    752    1.0
beta_eta[6]    0.5  8.9e-3   0.23    0.2   0.35   0.46   0.58   1.05    668    1.0
beta_eta[7]   3.33    0.03   0.59   2.37   2.92   3.26    3.7   4.66    516   1.01
beta_eta[8]   2.23    0.03   0.63   1.21   1.79   2.16    2.6   3.66    379    1.0
beta_eta[9]   0.46  9.8e-3   0.26    0.1   0.27    0.4   0.59   1.12    720   1.01
lp__        220.23     0.2   3.36 212.74 218.24 220.65 222.56 225.62    290    1.0

Samples were drawn using NUTS at Thu Dec  7 19:39:23 2017.
For each parameter, n_eff is a crude measure of effective sample size,
and Rhat is the potential scale reduction factor on split chains (at 
convergence, Rhat=1).