Inference for Stan model: anon_model_9a4625ae0c00f307fe8c2f96c1066e75.
4 chains, each with iter=750; warmup=250; thin=1; 
post-warmup draws per chain=500, total post-warmup draws=2000.

              mean se_mean     sd   2.5%    25%    50%    75%  97.5%  n_eff   Rhat
theta[0]      0.49  9.9e-3   0.14   0.21   0.41   0.49   0.58   0.77    210   1.01
theta[1]      0.71    0.01   0.15   0.34   0.65   0.72   0.78   0.99    162   1.02
theta[2]      0.58  4.6e-3   0.06    0.5   0.54   0.56    0.6   0.74    172   1.01
rho_eta[0]     0.3  5.1e-3   0.12    0.1   0.21   0.29   0.38   0.58    604    1.0
rho_eta[1]     0.8  5.1e-3   0.16    0.4   0.73   0.84   0.91   0.99    986    1.0
rho_eta[2]    0.66  4.6e-3   0.13   0.35   0.59   0.68   0.75   0.86    824    1.0
rho_eta[3]  5.8e-3  4.4e-4 9.9e-3 1.2e-4 1.0e-3 2.9e-3 6.2e-3   0.03    505    1.0
rho_eta[4]  3.2e-4  3.1e-5 1.3e-3 1.3e-7 4.9e-6 3.4e-5 1.7e-4 2.5e-3   1643    1.0
rho_eta[5]    0.99  4.6e-4   0.02   0.94   0.99    1.0    1.0    1.0   2000    1.0
rho_eta[6]    0.49  3.3e-3   0.12   0.25   0.41   0.49   0.57    0.7   1270    1.0
rho_eta[7]    0.52  4.8e-3   0.12   0.22   0.45   0.54    0.6   0.71    619    1.0
rho_eta[8]    0.23  4.8e-3   0.09   0.08   0.16   0.22   0.28   0.45    354   1.01
lambda_eta    1.76  4.3e-3   0.18   1.41   1.63   1.75   1.87   2.13   1784    1.0
lambda_e     19.27    0.07   2.68  14.57  17.46  19.07  20.92  24.92   1500    1.0
beta_eta[0]   5.21    0.07   1.82   2.16   3.92   5.01    6.3   9.23    728    1.0
beta_eta[1]   1.02    0.05   1.18   0.03   0.36    0.7   1.26    3.7    646    1.0
beta_eta[2]   1.78    0.04   1.17   0.61   1.14   1.53   2.13   4.22    722    1.0
beta_eta[3]  23.96    0.24   5.55  13.66   20.3  23.44  27.46  36.09    553    1.0
beta_eta[4]  41.98     0.3  10.23  23.94  34.81  41.13  48.87  63.45   1163    1.0
beta_eta[5]   0.04  2.0e-3   0.09 1.8e-5 2.7e-3   0.01   0.04   0.25   2000    1.0
beta_eta[6]   3.02    0.03   1.08   1.42   2.25   2.86   3.61   5.54   1442    1.0
beta_eta[7]   2.77    0.06   1.23    1.4   2.04   2.48   3.16   5.97    414    1.0
beta_eta[8]   6.27    0.08   1.73   3.24   5.13   6.09   7.22  10.21    421   1.01
lp__        144.29    0.19   3.37 136.55 142.12 144.69 146.81 149.93    302   1.01

Samples were drawn using NUTS at Tue Dec 19 15:47:47 2017.
For each parameter, n_eff is a crude measure of effective sample size,
and Rhat is the potential scale reduction factor on split chains (at 
convergence, Rhat=1).