Inference for Stan model: anon_model_9a4625ae0c00f307fe8c2f96c1066e75.
4 chains, each with iter=750; warmup=250; thin=1; 
post-warmup draws per chain=500, total post-warmup draws=2000.

              mean se_mean     sd   2.5%    25%    50%    75%  97.5%  n_eff   Rhat
theta[0]       0.5    0.02   0.12   0.25   0.44   0.51   0.58   0.74     42   1.09
theta[1]      0.72    0.02   0.11   0.53   0.66    0.7   0.75   0.99     26   1.15
theta[2]      0.57  7.6e-3   0.04   0.51   0.54   0.56   0.58   0.69     33   1.11
rho_eta[0]    0.39  7.2e-3   0.13   0.16    0.3   0.39   0.48   0.66    326   1.01
rho_eta[1]    0.73  5.5e-3   0.19   0.23   0.62   0.77   0.87   0.96   1180    1.0
rho_eta[2]    0.65  5.0e-3   0.12   0.38    0.6   0.67   0.73   0.84    613   1.01
rho_eta[3]  9.2e-3  1.2e-3   0.02 3.8e-4 2.4e-3 5.0e-3   0.01   0.04    173   1.02
rho_eta[4]  5.5e-4  5.2e-5 1.4e-3 1.1e-6 2.8e-5 1.3e-4 4.7e-4 4.0e-3    710    1.0
rho_eta[5]    0.99  2.7e-4   0.01   0.96   0.99    1.0    1.0    1.0   2000    1.0
rho_eta[6]    0.58  2.6e-3    0.1   0.37   0.52   0.59   0.65   0.76   1450    1.0
rho_eta[7]    0.55  6.1e-3    0.1   0.29   0.49   0.56   0.62    0.7    288   1.02
rho_eta[8]    0.28  7.1e-3   0.09   0.13   0.22   0.27   0.33   0.46    147   1.03
lambda_eta    1.94  4.3e-3   0.19   1.58    1.8   1.93   2.06   2.34   2000    1.0
lambda_e     28.32    0.09   3.82  21.51  25.67  28.08  30.67  36.66   2000    1.0
beta_eta[0]    4.0    0.07   1.48   1.67   2.93   3.78   4.83   7.39    417   1.01
beta_eta[1]   1.49    0.04   1.48   0.15   0.55   1.03   1.89   5.82   1310    1.0
beta_eta[2]   1.83    0.07    1.3    0.7   1.23    1.6   2.08   3.89    313   1.01
beta_eta[3]  21.38    0.39   4.74  12.73   18.3  21.19  24.12  31.51    145   1.03
beta_eta[4]  36.55    0.21   8.45   22.1  30.69  35.71  41.91  54.89   1582    1.0
beta_eta[5]   0.02  1.1e-3   0.05 7.1e-6 1.9e-3 7.8e-3   0.03   0.15   2000    1.0
beta_eta[6]   2.23    0.02   0.73   1.12   1.73   2.11   2.61    4.0   1361    1.0
beta_eta[7]    2.5    0.07   0.94   1.42   1.92    2.3   2.83   4.98    170   1.02
beta_eta[8]   5.31    0.09   1.31   3.07   4.45   5.22   6.06   8.12    228   1.02
lp__        227.65    0.52   3.52 219.73 225.31 228.06 230.28 233.23     46   1.08

Samples were drawn using NUTS at Mon Dec 18 16:50:57 2017.
For each parameter, n_eff is a crude measure of effective sample size,
and Rhat is the potential scale reduction factor on split chains (at 
convergence, Rhat=1).