Inference for Stan model: anon_model_9a4625ae0c00f307fe8c2f96c1066e75.
4 chains, each with iter=750; warmup=250; thin=1; 
post-warmup draws per chain=500, total post-warmup draws=2000.

              mean se_mean     sd   2.5%    25%    50%    75%  97.5%  n_eff   Rhat
theta[0]      0.56    0.02   0.23   0.17   0.37   0.53   0.77   0.96    218   1.02
theta[1]      0.51    0.03   0.21   0.14   0.39   0.46   0.61   0.95     54    1.1
theta[2]       0.6    0.02   0.16    0.4    0.5   0.54   0.71   0.94     51    1.1
theta[3]      0.43    0.03    0.2    0.1    0.3   0.38   0.54   0.89     49    1.1
rho_eta[0]    0.87  1.5e-3   0.06   0.73   0.83   0.88   0.91   0.96   1603    1.0
rho_eta[1]    0.97  7.0e-4   0.03   0.89   0.96   0.98   0.99    1.0   2000    1.0
rho_eta[2]    0.42  3.3e-3   0.13   0.18   0.33   0.42   0.52   0.69   1653    1.0
rho_eta[3]    0.04  9.4e-4   0.04 6.1e-4 9.2e-3   0.02   0.05   0.13   1424    1.0
rho_eta[4]  6.7e-3  2.6e-4   0.01 8.8e-5 1.1e-3 3.2e-3 8.0e-3   0.04   1509    1.0
rho_eta[5]    0.92  2.5e-3    0.1   0.68   0.91   0.95   0.98    1.0   1410    1.0
rho_eta[6]    0.52  4.8e-3   0.14   0.24   0.42   0.52   0.62   0.78    889    1.0
rho_eta[7]    0.34  3.8e-3   0.13   0.12   0.25   0.33   0.41   0.63   1108    1.0
rho_eta[8]    0.34  4.9e-3   0.13    0.1   0.24   0.34   0.44    0.6    753    1.0
rho_eta[9]    0.72  3.8e-3   0.11   0.43   0.66   0.74    0.8   0.87    881    1.0
lambda_eta    0.91  2.5e-3    0.1   0.72   0.85   0.91   0.98   1.11   1637    1.0
lambda_e      9.26    0.02   0.98   7.44   8.57   9.23    9.9  11.21   2000    1.0
beta_eta[0]   0.58  7.0e-3   0.28   0.17   0.38   0.53   0.73   1.26   1625    1.0
beta_eta[1]   0.12  3.0e-3   0.13 5.7e-4   0.03   0.08   0.16   0.49   2000    1.0
beta_eta[2]   3.65    0.04   1.42   1.46   2.63   3.47   4.45    6.8   1571    1.0
beta_eta[3]  15.83    0.23   5.48   8.25  11.98  14.83  18.76   29.6    576    1.0
beta_eta[4]  23.66    0.16   6.09  13.23  19.33  22.99   27.2  37.37   1470    1.0
beta_eta[5]   0.36    0.02    0.7 4.5e-3   0.09    0.2    0.4   1.54   1195    1.0
beta_eta[6]   2.79    0.04   1.26   1.01   1.88   2.58   3.45   5.68    847    1.0
beta_eta[7]   4.65    0.05   1.64   1.86   3.54   4.43   5.53   8.43   1158    1.0
beta_eta[8]   4.64    0.07   1.86   2.02   3.28    4.3    5.7   9.07    665    1.0
beta_eta[9]   1.41    0.03   0.77   0.55   0.91   1.22   1.67    3.4    805    1.0
lp__         -5.65    0.27   3.62 -13.33  -7.98  -5.33  -3.03   0.35    181   1.02

Samples were drawn using NUTS at Wed Dec 13 22:10:31 2017.
For each parameter, n_eff is a crude measure of effective sample size,
and Rhat is the potential scale reduction factor on split chains (at 
convergence, Rhat=1).