Inference for Stan model: anon_model_9a4625ae0c00f307fe8c2f96c1066e75.
4 chains, each with iter=500; warmup=250; thin=1; 
post-warmup draws per chain=250, total post-warmup draws=1000.

              mean se_mean     sd   2.5%    25%    50%    75%  97.5%  n_eff   Rhat
theta[0]      0.41    0.02   0.19   0.13   0.29   0.37   0.48   0.94     88   1.04
theta[1]      0.46    0.01    0.1    0.3    0.4   0.44    0.5    0.8     60   1.07
theta[2]      0.52    0.01   0.08   0.39   0.47    0.5   0.54   0.78     37   1.14
theta[3]      0.36    0.01   0.11   0.16   0.29   0.35   0.41   0.62     84   1.04
rho_eta[0]    0.86  2.0e-3   0.06   0.71   0.83   0.87   0.91   0.96   1000    1.0
rho_eta[1]    0.97  1.2e-3   0.04   0.87   0.95   0.98   0.99    1.0   1000    1.0
rho_eta[2]    0.38  3.8e-3   0.12   0.16   0.29   0.37   0.46   0.63   1000    1.0
rho_eta[3]    0.01  6.2e-4   0.02 2.2e-5 1.3e-3 5.7e-3   0.02   0.07   1000    1.0
rho_eta[4]  2.0e-3  2.0e-4 5.7e-3 1.9e-6 8.9e-5 4.8e-4 1.9e-3   0.01    816    1.0
rho_eta[5]    0.92  3.3e-3    0.1   0.66   0.91   0.95   0.98    1.0    879    1.0
rho_eta[6]    0.58  4.5e-3   0.14   0.29   0.48   0.58   0.68   0.84   1000    1.0
rho_eta[7]    0.29  4.2e-3   0.11   0.11   0.22   0.28   0.36   0.55    728    1.0
rho_eta[8]    0.42  5.2e-3   0.14   0.16   0.32   0.41   0.51   0.68    681    1.0
rho_eta[9]    0.66  5.1e-3   0.12   0.36   0.59   0.68   0.74   0.84    562    1.0
lambda_eta    0.86  2.9e-3   0.09   0.69    0.8   0.85   0.92   1.05   1000    1.0
lambda_e       7.2    0.03   0.81    5.8   6.62   7.17   7.69   8.96   1000    1.0
beta_eta[0]   0.61  9.9e-3   0.31   0.16   0.39   0.56   0.76   1.39   1000    1.0
beta_eta[1]   0.13  5.6e-3   0.18 8.5e-5   0.03   0.08   0.18   0.57   1000    1.0
beta_eta[2]   4.09    0.04   1.39   1.82   3.13   3.96    4.9   7.25   1000    1.0
beta_eta[3]  22.35     0.4   8.41  10.58  16.36  20.66   26.7  42.97    448   1.01
beta_eta[4]   31.7    0.28   8.89  17.23   25.0  30.58  37.31  52.71   1000    1.0
beta_eta[5]   0.36    0.03   0.73 3.9e-3   0.09    0.2   0.38   1.64    700    1.0
beta_eta[6]   2.33    0.03   1.09   0.71   1.54   2.16   2.92   4.94   1000    1.0
beta_eta[7]   5.19    0.06   1.63    2.4   4.09   5.02   6.13   8.75    743    1.0
beta_eta[8]   3.77    0.06   1.51   1.56   2.69   3.56   4.55   7.23    590    1.0
beta_eta[9]   1.76    0.04   0.85   0.71    1.2   1.57   2.11    4.1    492    1.0
lp__        -68.21    0.25   3.72 -76.82  -70.3 -67.58 -65.46 -62.27    225   1.01

Samples were drawn using NUTS at Fri Dec  8 13:35:46 2017.
For each parameter, n_eff is a crude measure of effective sample size,
and Rhat is the potential scale reduction factor on split chains (at 
convergence, Rhat=1).