Inference for Stan model: anon_model_9a4625ae0c00f307fe8c2f96c1066e75.
4 chains, each with iter=500; warmup=250; thin=1; 
post-warmup draws per chain=250, total post-warmup draws=1000.

              mean se_mean     sd   2.5%    25%    50%    75%  97.5%  n_eff   Rhat
theta[0]      0.31    0.02   0.14   0.05    0.2   0.31   0.41   0.58     49   1.05
theta[1]      0.54     0.1    0.2   0.27   0.35   0.43   0.75   0.83      4   1.77
theta[2]      0.54  4.3e-3   0.08    0.4   0.49   0.53   0.58    0.7    322   1.01
theta[3]      0.53    0.01   0.22   0.07   0.38   0.54   0.69   0.95    483   1.02
rho_eta[0]    0.77  3.1e-3    0.1   0.57   0.71   0.78   0.85   0.95   1000    1.0
rho_eta[1]    0.99  5.2e-4   0.02   0.94   0.98   0.99    1.0    1.0   1000   1.01
rho_eta[2]    0.95  8.2e-3   0.04   0.84   0.93   0.96   0.98    1.0     25   1.05
rho_eta[3]    0.13  6.4e-3   0.06   0.04   0.09   0.12   0.17   0.26     85   1.05
rho_eta[4]  5.2e-5  6.8e-6 2.0e-4 3.3e-8 1.2e-6 6.3e-6 2.9e-5 3.9e-4    885    nan
rho_eta[5]    0.99  3.4e-4   0.01   0.96   0.99   0.99    1.0    1.0    949    1.0
rho_eta[6]    0.89  7.3e-3   0.04    0.8   0.87    0.9   0.92   0.96     33   1.05
rho_eta[7]    0.39  2.7e-3   0.07   0.24   0.35    0.4   0.44   0.53    716    1.0
rho_eta[8]    0.66  4.2e-3   0.09   0.47    0.6   0.66   0.73   0.83    476   1.01
rho_eta[9]    0.97  5.7e-4   0.02   0.93   0.96   0.97   0.98   0.99    788    1.0
lambda_eta    0.99  4.4e-3   0.14   0.74   0.89   0.98   1.08   1.27   1000   1.01
lambda_e     10.12    0.03   1.06   8.22   9.39  10.07  10.77  12.37   1000    1.0
beta_eta[0]   1.06    0.02   0.54    0.2   0.67   0.98   1.39   2.23   1000    1.0
beta_eta[1]   0.06  2.2e-3   0.07 4.4e-4   0.01   0.03   0.07   0.24   1000   1.01
beta_eta[2]   0.21    0.04   0.18   0.01    0.1   0.16   0.28   0.71     26   1.05
beta_eta[3]   8.59    0.37   1.97   5.36   7.12   8.41   9.74  13.12     29   1.05
beta_eta[4]  48.28    0.35   9.34  31.39  41.82   47.9   54.5  68.86    699   1.02
beta_eta[5]   0.05  1.4e-3   0.04 5.4e-3   0.02   0.03   0.06   0.15    940    1.0
beta_eta[6]   0.46    0.03   0.19   0.17   0.33   0.43   0.56    0.9     34   1.05
beta_eta[7]   3.81    0.03    0.8   2.58   3.26   3.68    4.2   5.71    662    1.0
beta_eta[8]    1.7    0.03   0.57   0.76   1.28   1.65   2.04   3.02    499   1.01
beta_eta[9]   0.12  2.4e-3   0.07   0.04   0.07    0.1   0.15   0.28    787    1.0
lp__        211.79    0.18   3.41  204.6 209.57  212.2 214.34 217.22    342   1.02

Samples were drawn using NUTS at Mon Dec 11 17:50:58 2017.
For each parameter, n_eff is a crude measure of effective sample size,
and Rhat is the potential scale reduction factor on split chains (at 
convergence, Rhat=1).