Inference for Stan model: anon_model_9a4625ae0c00f307fe8c2f96c1066e75.
4 chains, each with iter=750; warmup=250; thin=1; 
post-warmup draws per chain=500, total post-warmup draws=2000.

              mean se_mean     sd   2.5%    25%    50%    75%  97.5%  n_eff   Rhat
theta[0]      0.34  3.1e-3    0.1    0.1   0.28   0.34    0.4   0.55   1097    1.0
theta[1]      0.44  1.7e-3   0.06   0.32    0.4   0.43   0.47   0.57   1253   1.01
theta[2]      0.47  2.0e-3   0.07   0.33   0.43   0.48   0.52    0.6   1139    1.0
theta[3]      0.34  2.1e-3   0.07    0.2   0.29   0.34   0.38   0.48   1119    1.0
rho_eta[0]    0.83  1.6e-3   0.07   0.66   0.79   0.84   0.88   0.94   2000    1.0
rho_eta[1]    0.96  1.0e-3   0.05   0.82   0.95   0.98   0.99    1.0   2000    1.0
rho_eta[2]    0.36  2.7e-3   0.12   0.15   0.28   0.36   0.44   0.63   2000    1.0
rho_eta[3]  9.1e-4  5.6e-5 2.5e-3 7.1e-8 1.5e-5 1.3e-4 6.8e-4 7.4e-3   2000    1.0
rho_eta[4]  7.3e-5  1.4e-5 5.8e-41.3e-10 8.7e-8 1.2e-6 1.3e-5 5.4e-4   1701    nan
rho_eta[5]    0.94  1.9e-3   0.09   0.69   0.93   0.97   0.99    1.0   2000    1.0
rho_eta[6]    0.66  2.9e-3   0.13   0.38   0.57   0.67   0.76   0.88   2000    1.0
rho_eta[7]    0.29  2.5e-3   0.11    0.1   0.21   0.28   0.36   0.53   2000    1.0
rho_eta[8]    0.57  2.7e-3   0.12    0.3    0.5   0.58   0.66   0.77   2000    1.0
rho_eta[9]    0.61  2.5e-3   0.11   0.37   0.54   0.62   0.69   0.79   2000    1.0
lambda_eta    0.81  1.9e-3   0.08   0.65   0.75   0.81   0.86   0.98   2000    1.0
lambda_e      5.17    0.02   0.69   3.97    4.7   5.11   5.59   6.65   2000    1.0
beta_eta[0]   0.77  8.1e-3   0.36   0.25   0.52    0.7   0.96   1.66   2000    1.0
beta_eta[1]   0.16  4.6e-3   0.21 3.6e-4   0.03   0.09    0.2   0.77   2000    1.0
beta_eta[2]   4.29    0.03   1.48   1.86    3.3   4.07   5.14   7.72   2000    1.0
beta_eta[3]  37.72    0.35  12.02  19.62  29.15  35.69  44.49  65.84   1214    1.0
beta_eta[4]  55.86    0.34  15.32  30.06  44.99  54.61  65.03  90.98   2000    1.0
beta_eta[5]   0.27    0.01   0.49 1.1e-3   0.05   0.13   0.28   1.47   1864    1.0
beta_eta[6]   1.76    0.02   0.88   0.52   1.11   1.62   2.24   3.87   2000    1.0
beta_eta[7]   5.33    0.04   1.73    2.5   4.11   5.11   6.29    9.2   2000    1.0
beta_eta[8]   2.32    0.03   0.95   1.04   1.65   2.16   2.75   4.83   1363    1.0
beta_eta[9]   2.04    0.02   0.82   0.93   1.46   1.89   2.43   3.99   2000    1.0
lp__        -149.6    0.16   3.61 -158.5 -151.7 -149.2 -147.0 -144.1    536   1.01

Samples were drawn using NUTS at Wed Dec 13 02:00:27 2017.
For each parameter, n_eff is a crude measure of effective sample size,
and Rhat is the potential scale reduction factor on split chains (at 
convergence, Rhat=1).