Inference for Stan model: anon_model_9a4625ae0c00f307fe8c2f96c1066e75.
4 chains, each with iter=500; warmup=250; thin=1; 
post-warmup draws per chain=250, total post-warmup draws=1000.

              mean se_mean     sd   2.5%    25%    50%    75%  97.5%  n_eff   Rhat
theta[0]      0.56    0.02   0.23   0.16   0.39    0.5   0.78   0.97    189   1.02
theta[1]      0.35    0.01   0.19   0.02   0.24   0.36   0.44   0.86    193    1.0
theta[2]      0.55    0.01   0.12   0.38   0.49   0.53   0.58   0.91    106   1.03
theta[3]      0.33    0.02   0.19   0.04    0.2    0.3    0.4   0.83     96   1.04
rho_eta[0]    0.86  3.0e-3   0.07   0.69   0.83   0.87   0.91   0.95    518    1.0
rho_eta[1]    0.98  8.9e-4   0.03    0.9   0.97   0.99    1.0    1.0   1000    1.0
rho_eta[2]    0.49  6.6e-3   0.14   0.21   0.38   0.49   0.59   0.76    486    1.0
rho_eta[3]    0.06  2.2e-3   0.06 3.9e-3   0.02   0.05   0.08   0.22    624   1.01
rho_eta[4]    0.02  6.8e-4   0.02 1.1e-3 5.3e-3   0.01   0.02   0.07    747    1.0
rho_eta[5]    0.94  2.8e-3   0.07   0.73   0.93   0.97   0.99    1.0    698    1.0
rho_eta[6]    0.45  8.3e-3   0.16   0.15   0.34   0.45   0.57   0.76    379    1.0
rho_eta[7]    0.47    0.01   0.19   0.16   0.33   0.45   0.62   0.84    309   1.01
rho_eta[8]    0.29  7.0e-3   0.14   0.06   0.17   0.27   0.39   0.57    410    1.0
rho_eta[9]    0.79  5.2e-3    0.1   0.52   0.74   0.81   0.86   0.93    401    1.0
lambda_eta     1.0  3.9e-3   0.11   0.79   0.92   0.99   1.07   1.22    822    1.0
lambda_e     12.11    0.05    1.3   9.66  11.24  12.08  12.88  14.89    664    1.0
beta_eta[0]   0.62    0.02   0.34   0.18   0.39   0.56   0.76   1.49    489    1.0
beta_eta[1]    0.1  3.8e-3   0.12 3.6e-4   0.02   0.06   0.13   0.44   1000    1.0
beta_eta[2]   3.09    0.06   1.31    1.1   2.14   2.89   3.87    6.2    485    1.0
beta_eta[3]  12.71    0.19   4.18    6.0   9.94   12.1  14.89  22.21    481   1.01
beta_eta[4]  18.32    0.17   4.23  10.88  15.45  18.03  20.95  27.28    593    1.0
beta_eta[5]   0.24    0.02   0.39 1.1e-3   0.06   0.14   0.28   1.26    655    1.0
beta_eta[6]   3.53    0.09   1.75   1.09   2.28   3.23   4.37   7.49    377    1.0
beta_eta[7]   3.35     0.1   1.79    0.7   1.94   3.16   4.49   7.42    346   1.01
beta_eta[8]   5.62    0.13   2.45   2.28   3.81   5.18   6.99  11.36    382   1.01
beta_eta[9]   0.99    0.03   0.62   0.31    0.6   0.84    1.2   2.65    342    1.0
lp__         70.27    0.24   3.73  61.54  68.03  70.69  72.95  76.45    238   1.01

Samples were drawn using NUTS at Thu Dec  7 16:04:34 2017.
For each parameter, n_eff is a crude measure of effective sample size,
and Rhat is the potential scale reduction factor on split chains (at 
convergence, Rhat=1).