Inference for Stan model: anon_model_9a4625ae0c00f307fe8c2f96c1066e75.
4 chains, each with iter=750; warmup=250; thin=1; 
post-warmup draws per chain=500, total post-warmup draws=2000.

              mean se_mean     sd   2.5%    25%    50%    75%  97.5%  n_eff   Rhat
theta[0]      0.33  2.8e-3   0.13   0.09   0.24   0.32   0.41    0.6   2000    1.0
theta[1]      0.38  4.9e-3   0.18   0.07   0.26   0.36   0.49   0.79   1352    1.0
theta[2]      0.41  1.1e-3   0.05   0.31   0.38   0.41   0.44   0.52   2000    1.0
theta[3]      0.51  2.6e-3   0.08   0.34   0.46   0.51   0.56   0.65    880    1.0
rho_eta[0]    0.41    0.01   0.36 5.7e-3   0.07   0.28   0.78   0.99    575   1.01
rho_eta[1]    0.15  2.8e-3   0.12 6.1e-3   0.05   0.11   0.21   0.47   2000    1.0
rho_eta[2]    0.09  1.2e-3   0.05   0.01   0.05   0.08   0.12   0.22   2000    1.0
rho_eta[3]    0.03  8.8e-4   0.04 3.3e-4 3.7e-3   0.01   0.03   0.14   2000    1.0
rho_eta[4]  2.7e-4  3.9e-5 1.6e-3 2.6e-7 6.6e-6 2.9e-5 1.3e-4 1.6e-3   1654    1.0
rho_eta[5]    0.78  5.4e-3   0.19   0.22   0.71   0.82    0.9   0.99   1202    1.0
rho_eta[6]    0.84  1.9e-3   0.07   0.69    0.8   0.84   0.89   0.94   1348    1.0
rho_eta[7]    0.84  2.6e-3   0.08   0.64    0.8   0.86    0.9   0.95    910    1.0
rho_eta[8]    0.14  2.0e-3   0.09   0.02   0.07   0.12   0.19   0.35   2000    1.0
rho_eta[9]    0.48  4.4e-3   0.15   0.21   0.37   0.47   0.57   0.83   1192    1.0
lambda_eta    0.85  1.8e-3   0.08   0.69   0.79   0.84    0.9   1.01   2000    1.0
lambda_e      4.14    0.03    0.8   2.82   3.55   4.07   4.61   5.88    932    1.0
beta_eta[0]   6.56    0.22   6.19   0.02   1.02   5.13  10.78   20.7    795    1.0
beta_eta[1]    9.5     0.1   4.46    3.0   6.28   8.74  11.89  20.42   2000    1.0
beta_eta[2]  10.62    0.08   3.02   6.14   8.55  10.16  12.19   18.0   1487    1.0
beta_eta[3]  18.37    0.14    6.4   7.93  13.75  17.66  22.43  32.12   2000    1.0
beta_eta[4]  41.94     0.2   8.95   25.7  35.84  41.73  47.69  60.65   2000    1.0
beta_eta[5]   1.23    0.05   1.61   0.04   0.43   0.77   1.35   6.15   1097    1.0
beta_eta[6]   0.73  9.6e-3   0.35   0.24   0.48   0.68   0.91   1.51   1351    1.0
beta_eta[7]    0.7    0.01    0.4   0.21   0.42    0.6   0.87   1.79    891    1.0
beta_eta[8]   8.87    0.09   3.26   4.17   6.56   8.36  10.59  16.47   1324    1.0
beta_eta[9]   3.14    0.04   1.35   0.76   2.26   3.02   3.96   6.19   1447    1.0
lp__        -178.0    0.14   3.27 -185.4 -180.0 -177.6 -175.6 -172.6    564   1.01

Samples were drawn using NUTS at Wed Dec 13 22:00:37 2017.
For each parameter, n_eff is a crude measure of effective sample size,
and Rhat is the potential scale reduction factor on split chains (at 
convergence, Rhat=1).