Inference for Stan model: anon_model_9a4625ae0c00f307fe8c2f96c1066e75.
4 chains, each with iter=500; warmup=250; thin=1; 
post-warmup draws per chain=250, total post-warmup draws=1000.

              mean se_mean     sd   2.5%    25%    50%    75%  97.5%  n_eff   Rhat
theta[0]      0.78    0.02   0.22   0.19   0.65   0.87   0.94    1.0    184   1.01
theta[1]      0.47    0.01   0.15   0.19   0.37   0.45   0.56   0.77    206   1.01
theta[2]      0.72    0.01   0.16   0.44   0.58   0.72   0.85   0.98    124   1.01
theta[3]      0.24    0.01   0.18   0.01   0.09   0.21   0.35   0.67    319    1.0
rho_eta[0]     0.7  4.1e-3   0.09   0.51   0.64    0.7   0.77   0.87    521    1.0
rho_eta[1]    0.98  9.2e-4   0.03   0.89   0.97   0.99    1.0    1.0   1000    1.0
rho_eta[2]    0.87  3.5e-3   0.08   0.69   0.83   0.89   0.93   0.98    506   1.01
rho_eta[3]    0.03  1.4e-3   0.03 1.4e-3 7.7e-3   0.02   0.04   0.11    453    1.0
rho_eta[4]  7.4e-3  2.1e-4 6.8e-3 4.6e-4 2.8e-3 5.5e-3 9.5e-3   0.03   1000    1.0
rho_eta[5]    0.98  6.3e-4   0.02   0.93   0.97   0.98   0.99    1.0   1000    1.0
rho_eta[6]    0.81  5.8e-3   0.09   0.59   0.78   0.83   0.87   0.93    225   1.01
rho_eta[7]    0.42  2.6e-3   0.07   0.26   0.37   0.42   0.47   0.56    826    1.0
rho_eta[8]    0.53  4.3e-3    0.1   0.32   0.46   0.54    0.6   0.71    529    1.0
rho_eta[9]    0.82  6.2e-3   0.12   0.52   0.77   0.85   0.91   0.96    361   1.01
lambda_eta     1.1  4.3e-3   0.13   0.85   1.01   1.09   1.18   1.38    915    1.0
lambda_e     15.56    0.07   1.75  12.52   14.3  15.45  16.71  19.34    700    1.0
beta_eta[0]   1.48    0.02   0.57   0.57   1.07   1.42   1.79   2.73    565    1.0
beta_eta[1]   0.08  4.0e-3   0.13 1.9e-4 9.5e-3   0.04   0.11   0.45   1000    1.0
beta_eta[2]   0.57    0.02    0.4    0.1   0.28   0.48   0.76   1.47    507   1.01
beta_eta[3]  16.51    0.21    4.6   8.93  13.22  16.08  19.44  26.28    463    1.0
beta_eta[4]  21.25    0.15   3.94   14.3  18.62  20.84  23.56  30.71    669    1.0
beta_eta[5]   0.09  2.6e-3   0.08 1.2e-3   0.03   0.07   0.12   0.31   1000    1.0
beta_eta[6]   0.85    0.03   0.47   0.31   0.54   0.72   1.01    2.1    219   1.01
beta_eta[7]   3.55    0.03   0.77   2.33   3.04   3.46   3.97   5.34    758    1.0
beta_eta[8]    2.6    0.04    0.8   1.36   2.05   2.47   3.07   4.51    504   1.01
beta_eta[9]   0.82    0.03   0.67   0.17   0.38   0.63   1.05   2.64    371   1.01
lp__        190.96    0.21   3.44 183.08 188.98 191.15 193.59 196.59    273   1.02

Samples were drawn using NUTS at Thu Dec  7 16:05:13 2017.
For each parameter, n_eff is a crude measure of effective sample size,
and Rhat is the potential scale reduction factor on split chains (at 
convergence, Rhat=1).