Inference for Stan model: anon_model_9a4625ae0c00f307fe8c2f96c1066e75.
4 chains, each with iter=500; warmup=250; thin=1; 
post-warmup draws per chain=250, total post-warmup draws=1000.

              mean se_mean     sd   2.5%    25%    50%    75%  97.5%  n_eff   Rhat
theta[0]      0.55    0.04   0.25   0.18   0.36   0.45   0.78   0.99     34   1.09
theta[1]      0.51    0.03   0.27   0.03   0.29   0.53   0.75   0.94    102   1.05
theta[2]      0.71    0.03   0.16   0.47   0.59   0.68   0.87   0.99     31   1.08
theta[3]      0.51    0.02   0.22   0.05   0.39   0.51   0.65   0.93    159   1.01
rho_eta[0]    0.83  8.1e-3   0.08   0.62   0.79   0.85   0.89   0.94    108   1.03
rho_eta[1]    0.98  8.4e-4   0.03   0.91   0.97   0.99    1.0    1.0   1000    1.0
rho_eta[2]    0.59    0.03   0.18   0.22   0.45   0.61   0.73   0.89     38   1.11
rho_eta[3]    0.06  3.6e-3   0.06 2.0e-3   0.02   0.04   0.07   0.23    279   1.03
rho_eta[4]    0.02  9.6e-4   0.02 9.2e-4 4.2e-3 9.9e-3   0.02   0.06    317   1.03
rho_eta[5]    0.97  9.9e-4   0.03   0.88   0.96   0.98   0.99    1.0   1000    1.0
rho_eta[6]    0.54    0.03   0.18   0.21   0.39   0.53   0.68   0.87     33    1.1
rho_eta[7]    0.54    0.04    0.2   0.23   0.38    0.5    0.7   0.91     22   1.16
rho_eta[8]    0.31    0.03   0.15   0.06   0.19    0.3   0.44    0.6     30   1.09
rho_eta[9]    0.82    0.01   0.13   0.44   0.79   0.86    0.9   0.95     84   1.05
lambda_eta    1.75  8.3e-3    0.2   1.36   1.62   1.75   1.87   2.15    562    1.0
lambda_e     21.31    0.09    2.5  16.74  19.68  21.17  22.82  26.85    711    1.0
beta_eta[0]   0.77    0.04   0.44   0.23   0.47   0.65   0.93    1.9    111   1.03
beta_eta[1]   0.08  3.6e-3   0.11 7.0e-5 9.1e-3   0.04    0.1   0.37   1000    1.0
beta_eta[2]   2.36    0.24   1.49   0.47   1.25   1.98   3.15   6.09     37   1.11
beta_eta[3]  13.59    0.33    4.8   5.91  10.53  12.73  16.11  24.94    208   1.03
beta_eta[4]  18.84    0.37   4.41  11.27  15.68  18.46  21.85  27.98    144   1.04
beta_eta[5]   0.11  4.3e-3   0.13 1.2e-4   0.02   0.07   0.16   0.49   1000    1.0
beta_eta[6]   2.77    0.27   1.57   0.54   1.52   2.56   3.73   6.24     34    1.1
beta_eta[7]   2.79    0.28   1.56   0.37   1.42   2.79   3.91   5.92     31   1.13
beta_eta[8]   5.32     0.4   2.68   2.07   3.29   4.75   6.71  11.36     45   1.08
beta_eta[9]   0.87    0.08   0.82   0.21   0.41   0.61   0.96   3.28     96   1.04
lp__        257.78    0.27   3.57 249.83  255.6 258.18 260.44 263.53    171   1.04

Samples were drawn using NUTS at Mon Dec  4 14:05:09 2017.
For each parameter, n_eff is a crude measure of effective sample size,
and Rhat is the potential scale reduction factor on split chains (at 
convergence, Rhat=1).