Inference for Stan model: anon_model_9a4625ae0c00f307fe8c2f96c1066e75.
4 chains, each with iter=500; warmup=250; thin=1; 
post-warmup draws per chain=250, total post-warmup draws=1000.

              mean se_mean     sd   2.5%    25%    50%    75%  97.5%  n_eff   Rhat
theta[0]      0.08  5.5e-3   0.08 4.8e-3   0.03   0.06   0.11   0.24    215   1.02
theta[1]      0.64    0.05   0.21   0.31    0.4   0.75   0.82   0.91     16   1.26
theta[2]      0.73    0.02   0.16   0.36   0.62   0.74   0.86   0.98     85   1.05
theta[3]      0.75    0.02   0.15   0.42   0.65   0.77   0.87   0.98    100   1.04
rho_eta[0]    0.93  1.1e-3   0.04   0.84   0.91   0.93   0.95   0.98   1000   1.01
rho_eta[1]    0.99  4.2e-4   0.01   0.95   0.98   0.99    1.0    1.0   1000    1.0
rho_eta[2]    0.85  2.9e-3   0.07   0.69   0.81   0.86    0.9   0.96    603   1.01
rho_eta[3]    0.04  7.2e-4   0.02 8.6e-3   0.02   0.04   0.05    0.1   1000    1.0
rho_eta[4]  4.7e-5  1.4e-5 4.5e-4 2.3e-8 1.1e-6 4.5e-6 2.0e-5 2.3e-4    999    nan
rho_eta[5]    0.98  2.6e-3   0.06   0.86   0.98   0.99    1.0    1.0    522   1.01
rho_eta[6]    0.82  5.3e-3   0.06   0.69   0.78   0.82   0.86   0.91    118   1.03
rho_eta[7]    0.33  8.7e-3    0.1   0.15   0.26   0.34    0.4   0.51    124   1.04
rho_eta[8]    0.74  2.7e-3   0.07    0.6    0.7   0.75   0.79   0.86    627   1.01
rho_eta[9]     0.9  1.8e-3   0.04   0.79   0.87    0.9   0.93   0.96    636   1.01
lambda_eta    0.87  4.3e-3   0.12   0.65   0.78   0.86   0.94   1.11    757    1.0
lambda_e      4.89    0.02   0.54   3.91   4.51   4.86   5.28   5.96   1000    1.0
beta_eta[0]   0.31  5.0e-3   0.16   0.09   0.19   0.28   0.39    0.7   1000   1.01
beta_eta[1]   0.05  1.7e-3   0.05 5.8e-4   0.01   0.03   0.07   0.22   1000    1.0
beta_eta[2]   0.66    0.01   0.36   0.16   0.41    0.6   0.85    1.5    607   1.01
beta_eta[3]  13.42    0.09    2.5   9.12  11.69  13.11  14.78  19.03    732   1.01
beta_eta[4]  49.64    0.49   9.25  33.52  43.18  49.22  54.93   70.3    361   1.01
beta_eta[5]   0.12    0.02   0.47 1.2e-3   0.02   0.04    0.1   0.62    509    1.0
beta_eta[6]   0.82    0.03   0.29   0.37   0.62    0.8    1.0    1.5    125   1.02
beta_eta[7]   4.62    0.12   1.32   2.67   3.64   4.37   5.38   7.67    129   1.03
beta_eta[8]   1.21    0.01   0.38   0.59   0.96   1.17   1.42   2.06    660   1.01
beta_eta[9]   0.44  8.1e-3    0.2   0.16   0.28    0.4   0.56   0.93    641   1.01
lp__         33.16    0.16   3.12  26.73  31.14  33.42   35.4  38.63    375   1.01

Samples were drawn using NUTS at Thu Nov 30 14:05:32 2017.
For each parameter, n_eff is a crude measure of effective sample size,
and Rhat is the potential scale reduction factor on split chains (at 
convergence, Rhat=1).