Inference for Stan model: anon_model_9a4625ae0c00f307fe8c2f96c1066e75.
4 chains, each with iter=500; warmup=250; thin=1; 
post-warmup draws per chain=250, total post-warmup draws=1000.

              mean se_mean     sd   2.5%    25%    50%    75%  97.5%  n_eff   Rhat
theta[0]      0.65    0.03   0.27   0.14   0.39   0.71   0.91   0.99    117   1.03
theta[1]      0.61    0.01   0.17   0.24    0.5   0.65   0.74   0.89    200   1.02
theta[2]      0.85    0.01   0.11   0.63   0.75   0.88   0.94   0.99    123   1.03
theta[3]       0.4    0.02   0.21   0.06   0.27   0.36   0.51   0.91    173   1.01
rho_eta[0]    0.74  8.6e-3   0.11    0.5   0.67   0.74   0.82   0.92    165   1.01
rho_eta[1]    0.98  7.8e-4   0.02   0.91   0.98   0.99    1.0    1.0   1000    1.0
rho_eta[2]    0.83    0.01   0.11   0.55   0.78   0.85    0.9   0.96     93   1.01
rho_eta[3]    0.04  8.5e-3   0.08 9.7e-4 5.3e-3   0.01   0.03   0.24     78   1.04
rho_eta[4]  7.5e-3  6.8e-4 9.9e-3 4.3e-4 2.3e-3 4.7e-3 9.5e-3   0.03    214   1.01
rho_eta[5]    0.98  7.1e-4   0.02   0.92   0.97   0.98   0.99    1.0   1000    1.0
rho_eta[6]    0.78    0.02   0.13    0.4   0.73   0.82   0.87   0.93     51   1.04
rho_eta[7]    0.48    0.02   0.13   0.29    0.4   0.46   0.52   0.86     50   1.04
rho_eta[8]    0.47    0.02   0.14   0.07   0.41   0.49   0.57   0.67     57   1.04
rho_eta[9]    0.83  7.3e-3   0.12   0.52   0.79   0.87   0.91   0.96    253   1.02
lambda_eta    1.65  7.8e-3   0.21   1.29    1.5   1.65   1.79   2.08    715    1.0
lambda_e     16.96     0.1   2.03  13.15   15.6  16.88  18.21  21.45    409   1.01
beta_eta[0]   1.27    0.05   0.64   0.33   0.79    1.2   1.63   2.76    190    1.0
beta_eta[1]   0.07  3.3e-3    0.1 2.3e-410.0e-3   0.04    0.1   0.36   1000    1.0
beta_eta[2]    0.8    0.06   0.58   0.15   0.41   0.66    1.0   2.41     84   1.01
beta_eta[3]  17.38     0.6   5.45   5.63  14.14  17.45   21.0  27.77     82   1.03
beta_eta[4]  21.62    0.21   4.24  14.17  18.61  21.42  24.23  31.05    389    1.0
beta_eta[5]   0.09  3.0e-3    0.1 2.9e-3   0.03   0.07   0.13   0.33   1000    1.0
beta_eta[6]   1.09    0.13   0.87    0.3   0.57   0.79   1.26   3.63     47   1.04
beta_eta[7]   3.09    0.12   0.99   0.58    2.6   3.14   3.65   4.95     71   1.03
beta_eta[8]   3.45    0.33   2.37   1.59   2.27   2.84   3.58  10.56     51   1.04
beta_eta[9]   0.78    0.04   0.68   0.16   0.36   0.58   0.93   2.62    258   1.01
lp__        263.86    0.26   3.54 255.77 261.84 264.19 266.36 269.78    180   1.01

Samples were drawn using NUTS at Mon Dec  4 19:02:59 2017.
For each parameter, n_eff is a crude measure of effective sample size,
and Rhat is the potential scale reduction factor on split chains (at 
convergence, Rhat=1).