Inference for Stan model: anon_model_9a4625ae0c00f307fe8c2f96c1066e75.
4 chains, each with iter=500; warmup=250; thin=1; 
post-warmup draws per chain=250, total post-warmup draws=1000.

              mean se_mean     sd   2.5%    25%    50%    75%  97.5%  n_eff   Rhat
theta[0]      0.34  3.2e-3    0.1   0.14   0.28   0.34    0.4   0.55   1000    1.0
theta[1]      0.44  2.1e-3   0.06   0.31    0.4   0.43   0.47   0.58    860    1.0
theta[2]      0.47  6.2e-3   0.08   0.27   0.43   0.48   0.52   0.59    146   1.02
theta[3]      0.33  6.9e-3   0.09    0.1   0.29   0.33   0.38   0.49    153   1.02
rho_eta[0]    0.83  2.3e-3   0.07   0.67   0.79   0.84   0.88   0.94   1000    1.0
rho_eta[1]    0.96  1.3e-3   0.04   0.85   0.95   0.98   0.99    1.0   1000    1.0
rho_eta[2]    0.36  3.7e-3   0.12   0.15   0.27   0.35   0.43   0.59   1000    1.0
rho_eta[3]  9.3e-4  8.4e-5 2.7e-3 5.3e-8 1.7e-5 1.3e-4 6.8e-4 7.9e-3   1000    1.0
rho_eta[4]  6.9e-5  1.0e-5 3.3e-42.9e-10 9.2e-8 1.3e-6 1.4e-5 7.4e-4   1000    nan
rho_eta[5]    0.93  4.8e-3   0.12   0.58   0.92   0.96   0.99    1.0    586    1.0
rho_eta[6]    0.65  4.1e-3   0.13   0.36   0.57   0.66   0.74   0.88   1000    1.0
rho_eta[7]    0.28  3.5e-3   0.11    0.1    0.2   0.27   0.36   0.52   1000    1.0
rho_eta[8]    0.57  3.6e-3   0.11   0.33    0.5   0.58   0.65   0.78   1000    1.0
rho_eta[9]     0.6  3.7e-3   0.12   0.36   0.53   0.62   0.69    0.8   1000    1.0
lambda_eta    0.81  2.7e-3   0.09   0.65   0.75   0.81   0.87    1.0   1000    1.0
lambda_e      5.16    0.02   0.65   4.03    4.7   5.12   5.56   6.57   1000    1.0
beta_eta[0]   0.76    0.01   0.37   0.25    0.5   0.69   0.95    1.6   1000    1.0
beta_eta[1]   0.15  5.7e-3   0.18 8.0e-5   0.03   0.08   0.21   0.65   1000    1.0
beta_eta[2]   4.33    0.05   1.43   2.09   3.35   4.16   5.17   7.47   1000    1.0
beta_eta[3]  37.61    0.47  11.77  19.36  29.15  35.65  43.99  67.01    614    1.0
beta_eta[4]  55.24    0.47  14.88  28.86  44.75  54.13  64.81  87.81   1000    1.0
beta_eta[5]   0.35    0.04   0.88 4.8e-4   0.05   0.15   0.32   2.15    455    1.0
beta_eta[6]    1.8    0.03    0.9   0.52   1.18   1.63   2.25    4.1   1000    1.0
beta_eta[7]   5.38    0.05   1.71   2.64   4.13   5.26   6.39   9.19   1000    1.0
beta_eta[8]   2.31    0.03   0.88   1.02   1.71   2.18   2.74   4.44    693    1.0
beta_eta[9]    2.1    0.03    0.9   0.91    1.5   1.93   2.51   4.14    938    1.0
lp__        -149.9    0.28   3.77 -158.2 -152.1 -149.4 -147.0 -144.1    180   1.03

Samples were drawn using NUTS at Fri Dec  8 18:03:56 2017.
For each parameter, n_eff is a crude measure of effective sample size,
and Rhat is the potential scale reduction factor on split chains (at 
convergence, Rhat=1).