Inference for Stan model: anon_model_9a4625ae0c00f307fe8c2f96c1066e75.
4 chains, each with iter=750; warmup=250; thin=1; 
post-warmup draws per chain=500, total post-warmup draws=2000.

              mean se_mean     sd   2.5%    25%    50%    75%  97.5%  n_eff   Rhat
theta[0]      0.59    0.02   0.24   0.17   0.38   0.58   0.82   0.97    204   1.02
theta[1]      0.45    0.03   0.21   0.08   0.34   0.42   0.53   0.92     36   1.09
theta[2]      0.59    0.03   0.16   0.39   0.49   0.54   0.63   0.96     27   1.14
theta[3]      0.39    0.03   0.21   0.03   0.25   0.35   0.49   0.87     49   1.06
rho_eta[0]    0.88  1.3e-3   0.06   0.74   0.84   0.88   0.92   0.96   2000    1.0
rho_eta[1]    0.98  5.7e-4   0.03   0.91   0.97   0.99    1.0    1.0   2000    1.0
rho_eta[2]    0.47  4.0e-3   0.14    0.2   0.36   0.47   0.57   0.75   1310    1.0
rho_eta[3]    0.05  1.1e-3   0.05 1.7e-3   0.02   0.04   0.08   0.18   2000    1.0
rho_eta[4]    0.01  4.2e-4   0.02 4.2e-4 3.1e-3 7.0e-3   0.02   0.06   1707    1.0
rho_eta[5]    0.94  1.8e-3   0.07   0.76   0.93   0.96   0.98    1.0   1468    1.0
rho_eta[6]     0.5  5.3e-3   0.15   0.19   0.39   0.51   0.61   0.78    838   1.01
rho_eta[7]    0.39  4.7e-3   0.14   0.15   0.28   0.37   0.48   0.71    937    1.0
rho_eta[8]    0.34  5.3e-3   0.14   0.09   0.24   0.34   0.44   0.61    654    1.0
rho_eta[9]    0.76  3.8e-3   0.12   0.45   0.71   0.79   0.84   0.91    941    1.0
lambda_eta    1.73  4.4e-3    0.2   1.36   1.59   1.72   1.86   2.11   2000    1.0
lambda_e     21.21    0.05   2.25  17.13  19.71  21.08   22.7  25.92   2000    1.0
beta_eta[0]   0.54  6.8e-3   0.28   0.16   0.34   0.49   0.68   1.22   1673    1.0
beta_eta[1]   0.09  2.4e-3   0.11 5.8e-4   0.02   0.06   0.13   0.39   2000    1.0
beta_eta[2]   3.25    0.04   1.37   1.13   2.28   3.03   4.05    6.5   1323    1.0
beta_eta[3]  13.77    0.18   4.88   6.75   10.3  12.91  16.27  25.57    754    1.0
beta_eta[4]  20.15    0.14   5.03  11.16   16.6  19.85  23.14  31.07   1364    1.0
beta_eta[5]   0.25    0.01   0.41 3.1e-3   0.07   0.15   0.29    1.1   1414    1.0
beta_eta[6]   2.99    0.05   1.41   0.98   1.98   2.72   3.74   6.57    672   1.01
beta_eta[7]   4.08    0.05   1.61   1.35   2.94   3.95   5.03   7.64   1001    1.0
beta_eta[8]   4.69    0.07   1.93   1.99   3.28   4.27   5.74   9.47    779    1.0
beta_eta[9]   1.16    0.03   0.78   0.37   0.69   0.96   1.36    3.2    783    1.0
lp__        220.78    0.23   3.74 212.76 218.35 221.09 223.54  227.2    257   1.02

Samples were drawn using NUTS at Thu Dec 14 17:53:27 2017.
For each parameter, n_eff is a crude measure of effective sample size,
and Rhat is the potential scale reduction factor on split chains (at 
convergence, Rhat=1).