Inference for Stan model: anon_model_9a4625ae0c00f307fe8c2f96c1066e75.
4 chains, each with iter=500; warmup=250; thin=1; 
post-warmup draws per chain=250, total post-warmup draws=1000.

              mean se_mean     sd   2.5%    25%    50%    75%  97.5%  n_eff   Rhat
theta[0]      0.35  3.1e-3    0.1   0.15   0.29   0.34    0.4   0.55   1000    1.0
theta[1]      0.44  1.9e-3   0.06   0.33    0.4   0.44   0.48   0.58   1000    1.0
theta[2]      0.48  1.8e-3   0.06   0.37   0.45   0.48   0.52   0.59   1000    1.0
theta[3]      0.34  2.2e-3   0.07   0.22   0.29   0.34   0.38   0.49   1000    1.0
rho_eta[0]    0.84  2.2e-3   0.07   0.67   0.79   0.85   0.89   0.95   1000    1.0
rho_eta[1]    0.97  1.2e-3   0.04   0.86   0.95   0.98   0.99    1.0   1000    1.0
rho_eta[2]    0.36  3.9e-3   0.12   0.14   0.27   0.35   0.44   0.62   1000    1.0
rho_eta[3]  1.6e-3  1.2e-4 3.9e-3 7.2e-8 3.4e-5 2.7e-4 1.4e-3   0.01   1000    1.0
rho_eta[4]  1.9e-4  3.8e-5 1.2e-3 2.1e-9 5.2e-7 7.3e-6 4.6e-5 1.6e-3    981    1.0
rho_eta[5]    0.93  3.1e-3    0.1   0.64   0.92   0.96   0.98    1.0   1000   1.01
rho_eta[6]    0.64  5.1e-3   0.13   0.36   0.56   0.65   0.73   0.87    643    1.0
rho_eta[7]    0.29  4.3e-3   0.11   0.11   0.21   0.28   0.36   0.57    711    1.0
rho_eta[8]    0.53  3.8e-3   0.12   0.28   0.45   0.54   0.62   0.74   1000    1.0
rho_eta[9]    0.62  4.3e-3   0.11   0.36   0.55   0.63   0.71    0.8    697    1.0
lambda_eta    0.81  3.0e-3   0.08   0.65   0.75   0.81   0.87   0.98    775    1.0
lambda_e      5.48    0.02   0.71   4.24   4.97   5.45   5.89   7.04   1000    1.0
beta_eta[0]   0.73    0.01   0.35   0.23   0.48   0.66   0.92   1.63   1000    1.0
beta_eta[1]   0.14  5.2e-3   0.17 1.2e-3   0.03   0.09   0.19   0.59   1000    1.0
beta_eta[2]   4.34    0.05   1.54   1.91   3.29   4.19   5.19   7.96   1000    1.0
beta_eta[3]  34.88    0.56  11.79  17.89  26.24  32.84  41.21  65.83    446    1.0
beta_eta[4]   49.5    0.47  13.76  25.83  39.96  47.31   57.9  79.97    869    1.0
beta_eta[5]   0.33    0.02   0.58 1.9e-3   0.07   0.16   0.34   1.78    892   1.01
beta_eta[6]   1.89    0.03    0.9   0.58   1.28   1.72   2.32   4.04    690    1.0
beta_eta[7]   5.27    0.06   1.69   2.27   4.12   5.09   6.25   8.74    759    1.0
beta_eta[8]   2.66    0.04   1.02   1.22    1.9   2.47   3.21    5.1    806    1.0
beta_eta[9]   1.99    0.03   0.83   0.88   1.38   1.82   2.39   4.11    581    1.0
lp__        -136.2    0.17   3.13 -143.5 -138.2 -136.0 -134.0 -131.0    343    1.0

Samples were drawn using NUTS at Fri Dec  8 13:05:38 2017.
For each parameter, n_eff is a crude measure of effective sample size,
and Rhat is the potential scale reduction factor on split chains (at 
convergence, Rhat=1).