Inference for Stan model: anon_model_9a4625ae0c00f307fe8c2f96c1066e75.
4 chains, each with iter=500; warmup=250; thin=1; 
post-warmup draws per chain=250, total post-warmup draws=1000.

               mean se_mean     sd   2.5%    25%    50%    75%  97.5%  n_eff   Rhat
theta[0]       0.34    0.02    0.2   0.03   0.18   0.32   0.44   0.82    149   1.03
theta[1]       0.74  9.3e-3   0.13   0.41   0.68   0.75   0.82   0.94    186   1.02
theta[2]       0.46  9.3e-3   0.25   0.04   0.28   0.46   0.64   0.94    703    1.0
theta[3]       0.57  6.0e-3   0.11    0.4    0.5   0.56   0.63   0.84    313   1.01
theta[4]       0.66  4.9e-3   0.12   0.43   0.58   0.66   0.74   0.91    596   1.01
theta[5]       0.64  9.2e-3   0.17   0.27   0.54   0.67   0.76   0.94    349    1.0
rho_eta[0]     0.93  2.1e-3   0.05   0.78   0.91   0.95   0.97   0.99    665    1.0
rho_eta[1]     0.97  1.3e-3   0.03   0.89   0.96   0.98    1.0    1.0    522    1.0
rho_eta[2]     0.93  3.1e-3   0.07   0.76   0.92   0.95   0.97   0.99    435   1.01
rho_eta[3]     0.09  5.5e-3   0.09 6.9e-3   0.03   0.06   0.12   0.34    265    1.0
rho_eta[4]   5.0e-3  3.4e-4 9.6e-3 2.3e-5 4.1e-4 1.5e-3 5.5e-3   0.03    800    1.0
rho_eta[5]     0.91  9.5e-3    0.2   0.14   0.96   0.99    1.0    1.0    462   1.01
rho_eta[6]     0.86    0.04    0.2   0.15   0.87   0.93   0.96   0.98     31   1.09
rho_eta[7]     0.42    0.03   0.18   0.15    0.3   0.39   0.49   0.93     33   1.09
rho_eta[8]     0.97  1.8e-3   0.03    0.9   0.96   0.98   0.99    1.0    262   1.02
rho_eta[9]     0.61  7.6e-3   0.12   0.35   0.53   0.62   0.71   0.82    269    1.0
rho_eta[10]    0.73    0.01   0.15   0.34   0.66   0.77   0.84   0.92    181   1.02
rho_eta[11]    0.66    0.01   0.16   0.34   0.55   0.65   0.78   0.94    194   1.02
lambda_eta     1.85  9.2e-3   0.22   1.46   1.68   1.84    2.0   2.31    602    1.0
lambda_e      18.17    0.09   2.39  13.81  16.49  18.08  19.59  23.26    756    1.0
beta_eta[0]    0.29  9.5e-3   0.25   0.04   0.12   0.21   0.38   0.97    678    1.0
beta_eta[1]    0.11  5.6e-3   0.13 2.3e-4   0.02   0.06   0.15   0.46    528    1.0
beta_eta[2]    0.28    0.02   0.34   0.02   0.11    0.2   0.35   1.09    443   1.01
beta_eta[3]   11.44    0.22    4.1   4.35   8.42  11.24   13.9  19.89    343    1.0
beta_eta[4]   26.41    0.43   7.69  13.65  20.85  25.89   31.2  42.68    326   1.01
beta_eta[5]    0.64    0.09   2.03 2.7e-5 6.3e-3   0.03   0.14   7.96    470   1.01
beta_eta[6]    0.85    0.29   1.81   0.06   0.17   0.29   0.55   7.63     38   1.07
beta_eta[7]    3.86    0.26   1.74    0.3   2.86   3.81   4.79   7.69     46   1.06
beta_eta[8]    0.13  7.6e-3   0.12 3.4e-3   0.04   0.09   0.17   0.44    264   1.02
beta_eta[9]    2.06    0.06    0.9   0.77   1.39   1.92   2.52   4.22    257    1.0
beta_eta[10]   1.38    0.11   1.28   0.32   0.68   1.05   1.64   4.28    148   1.02
beta_eta[11]   1.82    0.07   1.04   0.26   1.01   1.72   2.41   4.27    240   1.02
lp__         253.83     0.3    4.0 244.93 251.43 254.21 256.86 260.36    173   1.02

Samples were drawn using NUTS at Tue Dec  5 00:58:05 2017.
For each parameter, n_eff is a crude measure of effective sample size,
and Rhat is the potential scale reduction factor on split chains (at 
convergence, Rhat=1).