Inference for Stan model: anon_model_9a4625ae0c00f307fe8c2f96c1066e75.
4 chains, each with iter=500; warmup=250; thin=1; 
post-warmup draws per chain=250, total post-warmup draws=1000.

               mean se_mean     sd   2.5%    25%    50%    75%  97.5%  n_eff   Rhat
theta[0]       0.43  7.4e-3    0.2   0.05    0.3   0.43   0.56   0.84    709    1.0
theta[1]       0.71  4.3e-3    0.1    0.5   0.65   0.71   0.78    0.9    551    1.0
theta[2]       0.56  8.0e-3   0.25   0.06   0.38   0.58   0.77   0.96   1000    1.0
theta[3]       0.57  2.8e-3   0.08   0.44   0.52   0.56   0.61   0.74    740    1.0
theta[4]       0.66  3.7e-3    0.1   0.46   0.59   0.66   0.72   0.86    773    1.0
theta[5]       0.74  6.0e-3    0.1   0.53   0.69   0.75   0.81   0.93    286   1.02
rho_eta[0]     0.94  2.3e-3   0.05   0.82   0.92   0.95   0.97    1.0    418    1.0
rho_eta[1]     0.89  3.4e-3   0.07   0.73   0.86    0.9   0.94   0.99    394   1.01
rho_eta[2]     0.16    0.04    0.2   0.03   0.07   0.11   0.15   0.94     27   1.12
rho_eta[3]     0.18  3.5e-3    0.1   0.04   0.11   0.17   0.24    0.4    761    1.0
rho_eta[4]   2.1e-3  1.7e-4 4.3e-3 1.1e-5 2.7e-4 8.4e-4 2.1e-3   0.01    657    1.0
rho_eta[5]     0.98  3.0e-3   0.03   0.91   0.98   0.99    1.0    1.0    127   1.03
rho_eta[6]     0.94  5.5e-3   0.07   0.85   0.94   0.96   0.97   0.99    153   1.02
rho_eta[7]     0.62    0.02   0.13   0.25   0.57   0.64    0.7   0.83     79   1.03
rho_eta[8]     0.97  1.1e-3   0.03    0.9   0.96   0.98   0.99    1.0    653    1.0
rho_eta[9]     0.66  5.3e-3   0.09   0.44   0.61   0.67   0.72   0.81    277   1.01
rho_eta[10]     0.8  5.8e-3   0.07   0.62   0.77   0.82   0.86   0.91    162   1.01
rho_eta[11]     0.7  5.3e-3   0.08   0.54   0.65    0.7   0.75   0.87    245   1.01
lambda_eta     2.07  7.6e-3   0.24    1.6    1.9   2.06   2.22   2.54   1000    1.0
lambda_e      25.76    0.29   4.03  18.26  22.99   25.5  28.43  34.16    191   1.02
beta_eta[0]    0.26    0.01   0.21 8.6e-3   0.11   0.22   0.35   0.82    414    1.0
beta_eta[1]    0.46    0.02   0.32   0.05   0.23    0.4   0.61   1.28    419   1.01
beta_eta[2]    8.77    0.44   3.12   0.25   7.58   8.83   10.5  14.51     50   1.07
beta_eta[3]    7.46     0.1   2.49   3.62    5.7    7.1   8.85  13.15    665    1.0
beta_eta[4]   29.03    0.28   6.74  17.52  24.63  28.33  32.82  45.58    583   1.01
beta_eta[5]    0.06    0.01   0.16 8.7e-5 6.6e-3   0.03   0.06   0.39    132   1.03
beta_eta[6]    0.26    0.05   0.64   0.05   0.12   0.18   0.26   0.66    188   1.02
beta_eta[7]    2.03    0.16   1.23   0.73   1.41   1.81   2.27   5.58     59   1.05
beta_eta[8]    0.13  4.6e-3   0.12 6.5e-3   0.05   0.09   0.17   0.44    644    1.0
beta_eta[9]    1.69    0.04   0.58   0.82    1.3    1.6   1.95   3.27    243   1.01
beta_eta[10]   0.89    0.03    0.4   0.39   0.62    0.8   1.07   1.89    149   1.01
beta_eta[11]   1.47    0.03    0.5   0.56   1.15   1.43   1.74   2.48    279   1.01
lp__         260.71     0.4   4.56 250.28 257.79 261.43 264.17 267.59    129   1.02

Samples were drawn using NUTS at Tue Dec  5 16:47:56 2017.
For each parameter, n_eff is a crude measure of effective sample size,
and Rhat is the potential scale reduction factor on split chains (at 
convergence, Rhat=1).