Inference for Stan model: anon_model_9a4625ae0c00f307fe8c2f96c1066e75.
4 chains, each with iter=500; warmup=250; thin=1; 
post-warmup draws per chain=250, total post-warmup draws=1000.

              mean se_mean     sd   2.5%    25%    50%    75%  97.5%  n_eff   Rhat
theta[0]       0.3    0.01   0.18   0.03   0.17   0.26   0.37   0.82    165   1.03
theta[1]      0.39    0.04   0.13   0.26   0.33   0.36    0.4   0.78      9   1.67
theta[2]      0.55  8.2e-3    0.1    0.4   0.48   0.53   0.58   0.84    160   1.03
theta[3]      0.58  7.1e-3    0.2   0.15   0.45   0.59   0.73   0.94    807    1.0
rho_eta[0]    0.78  4.3e-3    0.1   0.57   0.71   0.78   0.85   0.96    534    1.0
rho_eta[1]    0.98  6.5e-4   0.02   0.94   0.98   0.99    1.0    1.0    682    1.0
rho_eta[2]    0.94  1.9e-3   0.04   0.83   0.92   0.95   0.97   0.99    557   1.02
rho_eta[3]    0.14  1.9e-3   0.06   0.05    0.1   0.14   0.18   0.28   1000   1.02
rho_eta[4]  1.1e-4  2.1e-5 5.9e-4 7.3e-8 1.9e-6 9.3e-6 4.3e-5 7.2e-4    775    nan
rho_eta[5]    0.99  1.7e-3   0.03   0.95   0.99   0.99    1.0    1.0    273   1.01
rho_eta[6]     0.9  2.8e-3   0.04    0.8   0.88   0.91   0.93   0.96    203   1.04
rho_eta[7]    0.38  3.1e-3   0.08   0.23   0.33   0.38   0.43   0.52    598   1.01
rho_eta[8]    0.66  4.6e-3   0.09   0.49    0.6   0.66   0.73   0.83    373   1.02
rho_eta[9]    0.97  5.2e-4   0.02   0.93   0.96   0.97   0.98   0.99    861    1.0
lambda_eta    0.97  4.1e-3   0.13   0.74   0.87   0.96   1.05   1.23   1000    1.0
lambda_e     10.04    0.04   1.17   7.88   9.23   9.99  10.82   12.4   1000    1.0
beta_eta[0]   1.04    0.02   0.53   0.17   0.66   0.98   1.36   2.22    578    1.0
beta_eta[1]   0.06  2.7e-3   0.07 2.6e-4   0.02   0.04   0.08   0.26    686    1.0
beta_eta[2]   0.26  8.4e-3    0.2   0.02   0.12   0.22   0.35   0.76    567   1.02
beta_eta[3]   8.12    0.11   1.76   5.13   6.86   7.98   9.17  12.39    255   1.02
beta_eta[4]  46.65    0.69   9.48  28.95  40.25  46.35  52.73  65.72    186   1.03
beta_eta[5]   0.05  9.0e-3   0.16 3.7e-3   0.02   0.03   0.06   0.19    321   1.01
beta_eta[6]   0.42    0.01   0.18   0.15   0.29   0.38   0.49    0.9    202   1.04
beta_eta[7]   3.91    0.03   0.86   2.59   3.33   3.82   4.38   5.84    709   1.01
beta_eta[8]    1.7    0.03   0.55   0.73   1.28   1.68   2.06   2.83    432   1.01
beta_eta[9]   0.12  2.2e-3   0.06   0.04   0.07    0.1   0.15   0.27    856    1.0
lp__        211.91    0.22   3.41 204.41 209.97 212.27 214.46 217.32    251   1.01

Samples were drawn using NUTS at Mon Dec 11 13:32:00 2017.
For each parameter, n_eff is a crude measure of effective sample size,
and Rhat is the potential scale reduction factor on split chains (at 
convergence, Rhat=1).