Inference for Stan model: anon_model_9a4625ae0c00f307fe8c2f96c1066e75.
4 chains, each with iter=500; warmup=250; thin=1; 
post-warmup draws per chain=250, total post-warmup draws=1000.

              mean se_mean     sd   2.5%    25%    50%    75%  97.5%  n_eff   Rhat
theta[0]      0.27  3.2e-3   0.08   0.09   0.22   0.27   0.32   0.43    711   1.01
theta[1]      0.39  3.7e-3   0.06   0.29   0.35   0.38   0.41   0.51    246   1.03
theta[2]      0.47  3.2e-3   0.07   0.34   0.42   0.47   0.52   0.62    510   1.01
theta[3]      0.47  3.1e-3    0.1   0.26   0.42   0.48   0.54   0.65   1000   1.01
rho_eta[0]    0.95  9.3e-4   0.03   0.87   0.94   0.95   0.97   0.99   1000    1.0
rho_eta[1]    0.99  4.3e-4   0.01   0.95   0.98   0.99    1.0    1.0   1000    1.0
rho_eta[2]    0.89  1.7e-3   0.05   0.77   0.86   0.89   0.93   0.96   1000    1.0
rho_eta[3]    0.04  7.5e-4   0.02 7.9e-3   0.02   0.03   0.05   0.09   1000    1.0
rho_eta[4]  7.1e-6  7.6e-7 2.4e-5 3.6e-9 1.3e-7 7.8e-7 3.6e-6 5.8e-5   1000    nan
rho_eta[5]    0.98  2.6e-3   0.06   0.87   0.98   0.99    1.0    1.0    562    1.0
rho_eta[6]    0.84  1.4e-3   0.05   0.75   0.81   0.85   0.88   0.92   1000    1.0
rho_eta[7]    0.38  2.8e-3   0.08   0.21   0.32   0.38   0.44   0.55    898    1.0
rho_eta[8]     0.7  2.1e-3   0.07   0.56   0.66    0.7   0.75   0.81   1000    1.0
rho_eta[9]    0.91  1.1e-3   0.03   0.82   0.89   0.91   0.93   0.96   1000   1.01
lambda_eta     0.9  3.6e-3   0.12   0.69   0.82    0.9   0.98   1.14   1000    1.0
lambda_e      7.18    0.02   0.79   5.77   6.62   7.13   7.72   8.76   1000    1.0
beta_eta[0]   0.21  4.0e-3   0.13   0.06   0.13   0.18   0.26   0.55   1000    1.0
beta_eta[1]   0.05  1.8e-3   0.06 6.9e-4   0.01   0.04   0.07   0.21   1000    1.0
beta_eta[2]   0.49  7.7e-3   0.24   0.15   0.31   0.45   0.61   1.05   1000    1.0
beta_eta[3]  13.63    0.08   2.57   9.42  11.76  13.43  15.19  19.37   1000    1.0
beta_eta[4]   57.0    0.32   9.99  39.02  50.14  56.27  63.55  77.78   1000    1.0
beta_eta[5]   0.11    0.02   0.47 4.2e-4   0.01   0.03   0.08   0.56    545    1.0
beta_eta[6]   0.69  7.0e-3   0.22   0.34   0.53   0.67   0.82   1.18   1000    1.0
beta_eta[7]   3.99    0.03   0.97   2.43    3.3   3.88   4.55   6.21    864    1.0
beta_eta[8]   1.45    0.01   0.38   0.83   1.17   1.41   1.69   2.29   1000    1.0
beta_eta[9]   0.39  4.9e-3   0.16   0.16   0.29   0.37   0.48   0.77   1000   1.01
lp__        102.87    0.23    3.4  95.08 100.79  103.2 105.27 108.75    214   1.02

Samples were drawn using NUTS at Thu Dec  7 14:23:56 2017.
For each parameter, n_eff is a crude measure of effective sample size,
and Rhat is the potential scale reduction factor on split chains (at 
convergence, Rhat=1).