Inference for Stan model: anon_model_9a4625ae0c00f307fe8c2f96c1066e75.
4 chains, each with iter=500; warmup=250; thin=1; 
post-warmup draws per chain=250, total post-warmup draws=1000.

              mean se_mean     sd   2.5%    25%    50%    75%  97.5%  n_eff   Rhat
theta[0]      0.34  2.8e-3   0.09   0.16   0.28   0.34   0.39   0.52   1000    1.0
theta[1]      0.43  1.8e-3   0.06   0.34    0.4   0.43   0.46   0.56   1000    1.0
theta[2]      0.45  3.2e-3   0.08   0.29   0.41   0.46    0.5   0.61    621    1.0
theta[3]      0.39  2.9e-3   0.07   0.26   0.34   0.39   0.44   0.56    668    1.0
rho_eta[0]    0.86  1.9e-3   0.06   0.72   0.82   0.87    0.9   0.94   1000    1.0
rho_eta[1]    0.97  1.0e-3   0.03   0.88   0.96   0.98   0.99    1.0   1000    1.0
rho_eta[2]    0.52  4.0e-3   0.13   0.27   0.44   0.53   0.61   0.77   1000    1.0
rho_eta[3]  1.2e-3  6.9e-5 2.2e-3 2.4e-6 9.5e-5 4.0e-4 1.2e-3 6.9e-3   1000    1.0
rho_eta[4]  1.8e-5  7.5e-6 2.1e-42.7e-11 1.2e-8 2.4e-7 3.3e-6 1.2e-4    812    nan
rho_eta[5]    0.97  1.7e-3   0.05   0.85   0.96   0.98   0.99    1.0    767    1.0
rho_eta[6]    0.73  2.8e-3   0.09   0.54   0.67   0.74    0.8   0.88   1000    1.0
rho_eta[7]     0.3  3.1e-3    0.1   0.13   0.23    0.3   0.36   0.51   1000    1.0
rho_eta[8]    0.75  3.0e-3   0.09   0.55   0.69   0.76   0.82   0.91   1000    1.0
rho_eta[9]    0.71  3.0e-3   0.09   0.51   0.65   0.72   0.78   0.87   1000    1.0
lambda_eta    0.86  3.1e-3    0.1   0.68   0.79   0.85   0.92   1.06   1000    1.0
lambda_e      5.03    0.02   0.59   3.99   4.62    5.0    5.4    6.3   1000    1.0
beta_eta[0]   0.64  9.0e-3   0.29   0.23   0.43   0.58    0.8   1.33   1000    1.0
beta_eta[1]   0.12  4.5e-3   0.14 5.9e-4   0.02   0.07   0.16   0.51   1000    1.0
beta_eta[2]   2.73    0.03   1.08   1.05   1.99   2.57   3.32   5.28   1000    1.0
beta_eta[3]   32.6    0.27   8.42  19.88  26.82  31.35  37.03  51.73   1000    1.0
beta_eta[4]  62.72     0.5  15.92  36.09  50.49   60.9  72.94  97.32   1000    1.0
beta_eta[5]   0.13  8.7e-3   0.24 3.7e-4   0.02   0.07   0.15   0.63    743    1.0
beta_eta[6]   1.29    0.02   0.51   0.53   0.91   1.21   1.59   2.48   1000    1.0
beta_eta[7]   5.02    0.05   1.42   2.71   4.05   4.85   5.82   8.28   1000    1.0
beta_eta[8]   1.18    0.02   0.53   0.38    0.8   1.09   1.46    2.4   1000    1.0
beta_eta[9]   1.39    0.02   0.57   0.57   0.98   1.29    1.7   2.67   1000    1.0
lp__        -94.65    0.19   3.35 -102.1  -96.5 -94.28 -92.34  -89.0    322    1.0

Samples were drawn using NUTS at Mon Dec 11 13:43:57 2017.
For each parameter, n_eff is a crude measure of effective sample size,
and Rhat is the potential scale reduction factor on split chains (at 
convergence, Rhat=1).