Inference for Stan model: anon_model_9a4625ae0c00f307fe8c2f96c1066e75.
4 chains, each with iter=750; warmup=250; thin=1; 
post-warmup draws per chain=500, total post-warmup draws=2000.

              mean se_mean     sd   2.5%    25%    50%    75%  97.5%  n_eff   Rhat
theta[0]      0.29    0.01   0.15   0.04   0.18   0.28   0.38   0.65    172   1.03
theta[1]      0.46    0.05   0.18   0.26   0.33   0.38   0.67   0.82     16   1.22
theta[2]      0.53  3.1e-3   0.08    0.4   0.47   0.52   0.57   0.73    683   1.02
theta[3]      0.55  8.5e-3   0.21   0.11   0.41   0.56    0.7   0.96    630   1.01
rho_eta[0]    0.78  3.1e-3    0.1   0.57   0.71   0.78   0.85   0.96   1082    1.0
rho_eta[1]    0.99  5.1e-4   0.02   0.94   0.98   0.99    1.0    1.0   1026   1.01
rho_eta[2]    0.94  3.6e-3   0.04   0.84   0.92   0.95   0.97    1.0    135   1.02
rho_eta[3]    0.14  4.8e-3   0.06   0.04    0.1   0.13   0.17   0.27    154   1.02
rho_eta[4]  6.0e-5  6.3e-6 2.4e-4 4.0e-8 1.5e-6 8.2e-6 3.5e-5 4.2e-4   1526    nan
rho_eta[5]    0.99  1.5e-3   0.04   0.96   0.99   0.99    1.0    1.0    688    1.0
rho_eta[6]     0.9  3.4e-3   0.04   0.81   0.87   0.91   0.93   0.96    136   1.02
rho_eta[7]    0.39  1.9e-3   0.07   0.24   0.35   0.39   0.44   0.52   1379    1.0
rho_eta[8]    0.66  2.7e-3   0.09   0.49    0.6   0.66   0.72   0.83   1021   1.01
rho_eta[9]    0.97  3.6e-4   0.02   0.93   0.96   0.97   0.98   0.99   2000    1.0
lambda_eta    0.98  3.4e-3   0.14   0.72   0.88   0.97   1.07   1.26   1630    1.0
lambda_e     10.06    0.03   1.14   8.04   9.25  10.01  10.82   12.3   2000   1.01
beta_eta[0]   1.04    0.02   0.55   0.16   0.65   0.98   1.38   2.23   1180    1.0
beta_eta[1]   0.06  2.1e-3   0.07 1.5e-4   0.02   0.04   0.08   0.25   1034   1.01
beta_eta[2]   0.24    0.02   0.18   0.02   0.11   0.19   0.32   0.72    141   1.02
beta_eta[3]   8.32    0.17   1.87   5.21   7.03   8.15   9.39  12.48    114   1.03
beta_eta[4]  47.61    0.35   9.37  31.07  41.03  46.85  53.62  68.13    725   1.01
beta_eta[5]   0.06    0.01   0.39 3.1e-3   0.02   0.03   0.06   0.17    862    1.0
beta_eta[6]   0.43    0.02   0.18   0.17    0.3    0.4   0.54   0.87    137   1.02
beta_eta[7]   3.84    0.02   0.79   2.62   3.31   3.75   4.25   5.67   1267    1.0
beta_eta[8]   1.71    0.02   0.54   0.77   1.32   1.68   2.05   2.82   1065    1.0
beta_eta[9]   0.12  1.5e-3   0.07   0.04   0.07    0.1   0.15   0.31   2000    1.0
lp__        211.89    0.15   3.57 203.26 209.91 212.38 214.43  217.4    582    1.0

Samples were drawn using NUTS at Tue Dec 12 22:27:31 2017.
For each parameter, n_eff is a crude measure of effective sample size,
and Rhat is the potential scale reduction factor on split chains (at 
convergence, Rhat=1).