Inference for Stan model: anon_model_9a4625ae0c00f307fe8c2f96c1066e75.
4 chains, each with iter=500; warmup=250; thin=1; 
post-warmup draws per chain=250, total post-warmup draws=1000.

              mean se_mean     sd   2.5%    25%    50%    75%  97.5%  n_eff   Rhat
theta[0]      0.62    0.02   0.23   0.23   0.43   0.61   0.84   0.98    101   1.03
theta[1]      0.38    0.05   0.24   0.02   0.21   0.35   0.51   0.93     25   1.07
theta[2]      0.62    0.03   0.17   0.41    0.5   0.56   0.72   0.98     37    1.1
theta[3]      0.39    0.03   0.26   0.04    0.2   0.33   0.55   0.95     78   1.06
rho_eta[0]    0.87  2.1e-3   0.06   0.73   0.83   0.88   0.91   0.95    785    1.0
rho_eta[1]    0.98  8.5e-4   0.03   0.91   0.97   0.99    1.0    1.0   1000   1.01
rho_eta[2]    0.54  7.5e-3   0.15   0.24   0.45   0.54   0.65   0.82    392   1.01
rho_eta[3]    0.09  3.2e-3   0.07 6.4e-3   0.04   0.08   0.13   0.26    480   1.01
rho_eta[4]    0.02  1.0e-3   0.02 1.9e-3 8.1e-3   0.02   0.03   0.08    509    1.0
rho_eta[5]    0.96  1.9e-3   0.05   0.84   0.95   0.97   0.99    1.0    679    1.0
rho_eta[6]    0.45    0.01   0.16   0.17   0.34   0.44   0.56   0.78    239   1.02
rho_eta[7]    0.56    0.01   0.19   0.22    0.4   0.57   0.72   0.87    233   1.01
rho_eta[8]    0.27    0.01   0.15   0.04   0.14   0.23   0.38   0.59    184   1.02
rho_eta[9]    0.84  5.5e-3    0.1    0.6   0.81   0.86    0.9   0.95    297   1.02
lambda_eta     1.8  7.9e-3    0.2   1.41   1.66   1.79   1.93   2.21    648    1.0
lambda_e     26.04    0.09   2.89  20.88  23.84  25.95  27.98  31.86   1000    1.0
beta_eta[0]   0.59    0.01   0.29   0.21   0.38   0.52   0.74   1.25    771    1.0
beta_eta[1]   0.09  3.6e-3   0.11 2.2e-4   0.01   0.05   0.12   0.38   1000   1.01
beta_eta[2]   2.61    0.07   1.22   0.79   1.71   2.43   3.23   5.75    343   1.01
beta_eta[3]  10.98    0.24   3.78   5.41   8.26  10.31  13.17  20.22    242   1.02
beta_eta[4]  16.82    0.14   3.84  10.12  13.95  16.53  19.27  25.01    717   1.01
beta_eta[5]   0.16  9.1e-3   0.24 9.6e-4   0.04   0.11    0.2   0.71    707    1.0
beta_eta[6]   3.47     0.1   1.58   1.01   2.33   3.32   4.34   7.17    249   1.01
beta_eta[7]   2.59     0.1   1.56   0.56   1.31   2.24   3.69   5.99    248    1.0
beta_eta[8]   6.14     0.2   2.85   2.08   3.86   5.84   7.78  12.83    212   1.02
beta_eta[9]   0.73    0.03   0.57   0.22   0.41   0.59   0.83   2.06    303   1.02
lp__         285.4    0.31   3.57 277.67 283.14 285.63 288.02 291.14    133   1.03

Samples were drawn using NUTS at Mon Dec 11 18:42:04 2017.
For each parameter, n_eff is a crude measure of effective sample size,
and Rhat is the potential scale reduction factor on split chains (at 
convergence, Rhat=1).