Inference for Stan model: anon_model_9a4625ae0c00f307fe8c2f96c1066e75.
4 chains, each with iter=500; warmup=250; thin=1; 
post-warmup draws per chain=250, total post-warmup draws=1000.

               mean se_mean     sd   2.5%    25%    50%    75%  97.5%  n_eff   Rhat
theta[0]       0.47  6.2e-3    0.2   0.08   0.33   0.47    0.6   0.85   1000   1.01
theta[1]       0.67  2.9e-3   0.09    0.5   0.61   0.67   0.73   0.85   1000    1.0
theta[2]       0.57  6.8e-3   0.21    0.1   0.44   0.59   0.73   0.95   1000    1.0
theta[3]       0.55  2.2e-3   0.07   0.43   0.51   0.55    0.6   0.69   1000    1.0
theta[4]       0.66  2.9e-3   0.08    0.5   0.61   0.66   0.71   0.84    782    1.0
theta[5]       0.77  2.7e-3   0.08   0.59   0.71   0.77   0.82   0.93   1000    1.0
rho_eta[0]     0.89  2.0e-3   0.06   0.74   0.86   0.91   0.94   0.99   1000    1.0
rho_eta[1]     0.86  2.2e-3   0.07   0.69   0.82   0.87   0.91   0.96   1000    1.0
rho_eta[2]     0.08  1.4e-3   0.04   0.02   0.05   0.08    0.1   0.19   1000    1.0
rho_eta[3]     0.22  2.8e-3   0.09   0.07   0.16   0.22   0.28    0.4   1000    1.0
rho_eta[4]   2.9e-4  2.0e-5 6.4e-4 1.2e-6 2.4e-5 8.9e-5 2.8e-4 1.9e-3   1000    nan
rho_eta[5]     0.98  6.1e-4   0.02   0.93   0.98   0.99    1.0    1.0   1000    1.0
rho_eta[6]     0.96  8.0e-4   0.03   0.89   0.95   0.96   0.97   0.99   1000    1.0
rho_eta[7]     0.69  3.0e-3    0.1   0.51   0.63   0.69   0.76   0.87   1000    1.0
rho_eta[8]     0.96  1.1e-3   0.03   0.87   0.94   0.96   0.98    1.0   1000    1.0
rho_eta[9]     0.62  3.1e-3    0.1    0.4   0.56   0.63   0.69   0.79   1000    1.0
rho_eta[10]    0.75  2.5e-3   0.08   0.54   0.71   0.76   0.81   0.88   1000    1.0
rho_eta[11]    0.73  2.4e-3   0.08   0.56   0.68   0.74   0.79   0.86   1000    1.0
lambda_eta     2.16  7.7e-3   0.24   1.68   1.99   2.15   2.31   2.63   1000    1.0
lambda_e      25.27    0.11   3.57  18.75  22.73   25.0  27.54  32.85   1000    1.0
beta_eta[0]    0.46  9.4e-3    0.3   0.04   0.25   0.39   0.63   1.18   1000    1.0
beta_eta[1]    0.61    0.01   0.35   0.14   0.36   0.54   0.79   1.46   1000    1.0
beta_eta[2]    10.5    0.07   2.21   6.64   9.03  10.28  11.79  15.64   1000    1.0
beta_eta[3]    6.39    0.06   1.81   3.68   5.11   6.15   7.41   10.7   1000    1.0
beta_eta[4]   38.01    0.24   7.65  25.02  32.78  37.33   42.5  54.64   1000    1.0
beta_eta[5]    0.06  2.5e-3   0.08 1.9e-5 7.5e-3   0.04   0.09   0.28   1000    1.0
beta_eta[6]    0.18  3.4e-3   0.11   0.04    0.1   0.15   0.22   0.45   1000    1.0
beta_eta[7]    1.51    0.02   0.57   0.55   1.08   1.46   1.83   2.72   1000    1.0
beta_eta[8]    0.18  4.7e-3   0.15   0.01   0.08   0.14   0.24   0.56   1000    1.0
beta_eta[9]    1.99    0.03   0.74   0.97    1.5   1.88   2.34   3.69    689    1.0
beta_eta[10]   1.15    0.01   0.46   0.53   0.84   1.08   1.35   2.43   1000    1.0
beta_eta[11]   1.27    0.01   0.44    0.6   0.95    1.2   1.52   2.34   1000    1.0
lp__         237.32    0.22    3.9 228.36 234.91 237.64 240.23 243.63    325    1.0

Samples were drawn using NUTS at Tue Dec  5 21:47:04 2017.
For each parameter, n_eff is a crude measure of effective sample size,
and Rhat is the potential scale reduction factor on split chains (at 
convergence, Rhat=1).