Inference for Stan model: anon_model_9a4625ae0c00f307fe8c2f96c1066e75.
4 chains, each with iter=750; warmup=250; thin=1; 
post-warmup draws per chain=500, total post-warmup draws=2000.

              mean se_mean     sd   2.5%    25%    50%    75%  97.5%  n_eff   Rhat
theta[0]      0.29  9.6e-3   0.18   0.02   0.17   0.26   0.38   0.78    342   1.01
theta[1]       0.4    0.04   0.14   0.26   0.33   0.36    0.4   0.79     15   1.29
theta[2]      0.54  4.7e-3    0.1   0.38   0.48   0.52   0.58   0.81    428   1.01
theta[3]      0.57  6.7e-3   0.22   0.13   0.42   0.57   0.73   0.96   1064   1.01
rho_eta[0]    0.77  2.2e-3    0.1   0.56   0.71   0.78   0.85   0.95   2000    1.0
rho_eta[1]    0.98  3.8e-4   0.02   0.94   0.98   0.99    1.0    1.0   2000    1.0
rho_eta[2]    0.94  3.2e-3   0.04   0.84   0.92   0.95   0.97   0.99    182   1.02
rho_eta[3]    0.14  1.3e-3   0.06   0.05    0.1   0.14   0.18   0.28   2000   1.01
rho_eta[4]  8.8e-5  9.8e-6 3.4e-4 8.1e-8 2.0e-6 9.8e-6 4.7e-5 7.1e-4   1209    nan
rho_eta[5]    0.99  2.4e-4   0.01   0.96   0.99   0.99    1.0    1.0   2000    1.0
rho_eta[6]     0.9  2.1e-3   0.04    0.8   0.88   0.91   0.93   0.96    376   1.02
rho_eta[7]    0.39  1.9e-3   0.07   0.24   0.34   0.39   0.44   0.52   1371    1.0
rho_eta[8]    0.66  3.1e-3   0.09   0.49    0.6   0.65   0.72   0.82    776    1.0
rho_eta[9]    0.97  3.3e-4   0.01   0.93   0.97   0.97   0.98   0.99   2000    1.0
lambda_eta    0.97  3.3e-3   0.14   0.73   0.87   0.96   1.06   1.26   1752   1.01
lambda_e     10.05    0.02   1.04   8.14   9.31   9.98   10.7  12.24   2000    1.0
beta_eta[0]   1.06    0.01   0.54   0.22   0.67    1.0   1.36   2.34   2000    1.0
beta_eta[1]   0.06  1.6e-3   0.07 3.2e-4   0.02   0.04   0.08   0.25   2000    1.0
beta_eta[2]   0.26    0.01   0.19   0.03   0.12   0.22   0.35   0.72    192   1.02
beta_eta[3]    8.1    0.09   1.78   5.12   6.87   7.96    9.1  12.31    358   1.02
beta_eta[4]  46.37    0.34   9.29  29.01  39.89  46.12  52.57   65.3    766   1.01
beta_eta[5]   0.04 10.0e-4   0.04 3.3e-3   0.02   0.03   0.06   0.16   2000    1.0
beta_eta[6]   0.41  9.4e-3   0.18   0.16   0.28   0.38    0.5    0.9    379   1.01
beta_eta[7]   3.88    0.02   0.79   2.63   3.32    3.8    4.3   5.72   1289    1.0
beta_eta[8]   1.72    0.02   0.53   0.78   1.34    1.7   2.06   2.86    815    1.0
beta_eta[9]   0.12  1.4e-3   0.06   0.04   0.08   0.11   0.14   0.28   2000    1.0
lp__        212.03    0.15   3.35 204.64 209.99 212.41 214.39 217.42    530    1.0

Samples were drawn using NUTS at Wed Dec 13 20:18:10 2017.
For each parameter, n_eff is a crude measure of effective sample size,
and Rhat is the potential scale reduction factor on split chains (at 
convergence, Rhat=1).