Inference for Stan model: anon_model_9a4625ae0c00f307fe8c2f96c1066e75.
4 chains, each with iter=750; warmup=250; thin=1; 
post-warmup draws per chain=500, total post-warmup draws=2000.

              mean se_mean     sd   2.5%    25%    50%    75%  97.5%  n_eff   Rhat
theta[0]      0.41    0.02   0.23   0.07   0.26   0.37   0.49   0.96    176   1.03
theta[1]      0.53    0.02   0.19   0.24   0.36   0.49   0.71   0.81     91   1.05
theta[2]      0.59  8.9e-3   0.13    0.4    0.5   0.57   0.66   0.91    215   1.02
theta[3]      0.39  8.4e-3   0.23   0.03    0.2   0.37   0.55   0.89    750    1.0
rho_eta[0]    0.65  2.3e-3    0.1   0.43   0.59   0.66   0.72   0.84   2000    1.0
rho_eta[1]    0.99  3.5e-4   0.02   0.94   0.98   0.99    1.0    1.0   2000    1.0
rho_eta[2]    0.95  1.6e-3   0.04   0.84   0.93   0.96   0.98   0.99    608    1.0
rho_eta[3]    0.12  2.4e-3   0.07   0.02   0.07   0.11   0.16   0.28    791    1.0
rho_eta[4]  4.5e-4  3.7e-5 1.1e-3 1.6e-7 1.1e-5 7.3e-5 3.6e-4 3.4e-3    964   1.01
rho_eta[5]    0.99  2.0e-4 9.0e-3   0.97   0.99   0.99    1.0    1.0   2000    1.0
rho_eta[6]     0.9  1.7e-3   0.04   0.79   0.87    0.9   0.93   0.96    646   1.01
rho_eta[7]    0.41  1.8e-3   0.06   0.28   0.37   0.41   0.46   0.53   1328    1.0
rho_eta[8]    0.59  3.8e-3    0.1   0.41   0.52   0.58   0.66   0.79    687    1.0
rho_eta[9]    0.96  6.9e-4   0.02    0.9   0.96   0.97   0.98   0.99   1143    1.0
lambda_eta    1.04  3.6e-3   0.14   0.78   0.94   1.03   1.13   1.33   1476    1.0
lambda_e     11.73    0.03   1.32   9.25   10.8  11.68   12.6  14.44   2000    1.0
beta_eta[0]   1.76    0.02   0.68   0.72   1.29   1.64   2.12   3.41   2000    1.0
beta_eta[1]   0.06  1.4e-3   0.06 3.1e-4   0.01   0.04   0.07   0.23   2000    1.0
beta_eta[2]   0.22  7.2e-3   0.18   0.02    0.1   0.17   0.29   0.68    618    1.0
beta_eta[3]   9.28    0.09   2.57   5.05   7.38   8.97   10.9  15.28    740   1.01
beta_eta[4]   39.3    0.41  10.18  22.69   31.7   38.1  45.73  62.53    618    1.0
beta_eta[5]   0.04  8.2e-4   0.04 3.4e-3   0.02   0.03   0.06   0.14   2000    1.0
beta_eta[6]   0.44  7.9e-3    0.2   0.16   0.29    0.4   0.55   0.96    658   1.01
beta_eta[7]   3.61    0.02   0.65   2.53   3.14   3.53   3.99   5.11   1273    1.0
beta_eta[8]   2.16    0.03   0.68   0.92   1.67   2.15   2.63   3.57    708    1.0
beta_eta[9]   0.15  2.9e-3    0.1   0.04   0.08   0.12   0.18   0.42   1134    1.0
lp__         225.1     0.2   3.41 217.38 222.98 225.51 227.57 230.69    279   1.01

Samples were drawn using NUTS at Thu Dec 14 21:43:54 2017.
For each parameter, n_eff is a crude measure of effective sample size,
and Rhat is the potential scale reduction factor on split chains (at 
convergence, Rhat=1).