Inference for Stan model: anon_model_9a4625ae0c00f307fe8c2f96c1066e75.
4 chains, each with iter=500; warmup=250; thin=1; 
post-warmup draws per chain=250, total post-warmup draws=1000.

              mean se_mean     sd   2.5%    25%    50%    75%  97.5%  n_eff   Rhat
theta[0]      0.53    0.02   0.24   0.16   0.35   0.48   0.76   0.96    139   1.02
theta[1]      0.49    0.03   0.19   0.17   0.38   0.44   0.54   0.95     34   1.12
theta[2]      0.58    0.03   0.14   0.38   0.49   0.54   0.61   0.92     30   1.13
theta[3]       0.4    0.03   0.18   0.07   0.28   0.36   0.47   0.87     38    1.1
rho_eta[0]    0.86  3.0e-3   0.07   0.69   0.83   0.87   0.91   0.96    509   1.01
rho_eta[1]    0.97  9.2e-4   0.03   0.89   0.96   0.98   0.99    1.0   1000    1.0
rho_eta[2]    0.42  5.1e-3   0.14   0.16   0.32   0.42   0.51   0.71    748    1.0
rho_eta[3]    0.03  1.2e-3   0.04 9.5e-4 8.9e-3   0.02   0.05   0.14   1000    1.0
rho_eta[4]  7.2e-3  3.8e-4   0.01 8.5e-5 1.1e-3 3.3e-3 8.3e-3   0.04    976   1.01
rho_eta[5]    0.92  4.6e-3   0.11    0.6   0.91   0.95   0.98    1.0    582    1.0
rho_eta[6]    0.52  5.7e-3   0.15   0.21   0.41   0.52   0.62   0.78    660    1.0
rho_eta[7]    0.33  5.1e-3   0.13   0.11   0.24   0.32    0.4   0.62    630    1.0
rho_eta[8]    0.36  5.9e-3   0.13   0.12   0.26   0.36   0.45   0.62    496    1.0
rho_eta[9]    0.71  5.2e-3   0.12   0.38   0.66   0.73   0.79   0.87    565   1.01
lambda_eta    0.92  3.5e-3   0.09   0.74   0.85   0.92   0.98   1.12    732    1.0
lambda_e      9.25    0.03   0.98   7.31   8.58   9.19   9.88  11.22    927    1.0
beta_eta[0]   0.62    0.02   0.34   0.18   0.39   0.56   0.76   1.49    493   1.01
beta_eta[1]   0.11  3.9e-3   0.12 4.6e-4   0.03   0.07   0.15   0.45   1000    1.0
beta_eta[2]   3.72    0.06   1.49   1.39   2.67   3.51   4.55   7.32    721    1.0
beta_eta[3]  15.96    0.26   5.32   7.96  11.98  15.27  18.88  27.82    431   1.01
beta_eta[4]  23.57     0.3   6.45  12.95  19.19  22.87  27.13  37.48    455   1.01
beta_eta[5]   0.41    0.06   1.12 2.3e-3   0.09   0.19    0.4   2.04    400    1.0
beta_eta[6]   2.84    0.05   1.37   1.01   1.88   2.58   3.57   6.25    650    1.0
beta_eta[7]   4.77    0.07   1.71   1.93   3.62   4.55   5.77   8.67    691    1.0
beta_eta[8]   4.45    0.09   1.77   1.92   3.15   4.06   5.39   8.33    415    1.0
beta_eta[9]   1.46    0.04   0.92   0.55   0.93   1.24   1.68   3.86    457   1.01
lp__         -5.63    0.37   3.86 -14.14  -7.86  -5.17  -2.75   0.38    107   1.03

Samples were drawn using NUTS at Fri Dec  8 13:20:06 2017.
For each parameter, n_eff is a crude measure of effective sample size,
and Rhat is the potential scale reduction factor on split chains (at 
convergence, Rhat=1).