Inference for Stan model: anon_model_9a4625ae0c00f307fe8c2f96c1066e75.
4 chains, each with iter=750; warmup=250; thin=1; 
post-warmup draws per chain=500, total post-warmup draws=2000.

              mean se_mean     sd   2.5%    25%    50%    75%  97.5%  n_eff   Rhat
theta[0]      0.48    0.01   0.22   0.16   0.32   0.41   0.61   0.93    234   1.01
theta[1]      0.48    0.02   0.16   0.24    0.4   0.45   0.53   0.92     52   1.09
theta[2]      0.55    0.02   0.13   0.39   0.48   0.52   0.57   0.91     45    1.1
theta[3]      0.38    0.02   0.14   0.15   0.29   0.36   0.44   0.77     68   1.07
rho_eta[0]    0.88  1.3e-3   0.06   0.74   0.84   0.88   0.92   0.96   2000    1.0
rho_eta[1]    0.97  6.5e-4   0.03    0.9   0.97   0.98   0.99    1.0   2000   1.01
rho_eta[2]    0.42  3.3e-3   0.13   0.19   0.33   0.41   0.52    0.7   1558    1.0
rho_eta[3]    0.02  8.3e-4   0.03 1.4e-4 3.9e-3   0.01   0.03    0.1   1255   1.01
rho_eta[4]  4.6e-3  2.3e-4 9.4e-3 2.5e-5 4.5e-4 1.6e-3 4.9e-3   0.03   1703    1.0
rho_eta[5]    0.93  2.1e-3   0.09   0.69    0.9   0.95   0.98    1.0   1710    1.0
rho_eta[6]    0.56  4.3e-3   0.14   0.27   0.46   0.57   0.66    0.8   1067    1.0
rho_eta[7]    0.32  3.1e-3   0.11   0.12   0.23   0.31   0.39   0.56   1313    1.0
rho_eta[8]     0.4  3.6e-3   0.13   0.15    0.3    0.4    0.5   0.67   1416    1.0
rho_eta[9]     0.7  3.7e-3   0.12    0.4   0.64   0.72   0.78   0.87   1040    1.0
lambda_eta    1.56  4.3e-3   0.18   1.23   1.44   1.56   1.68   1.93   1703    1.0
lambda_e     15.57    0.04   1.71  12.36  14.36  15.53  16.69  19.14   2000    1.0
beta_eta[0]   0.54  6.8e-3   0.28   0.15   0.35    0.5   0.68   1.18   1659    1.0
beta_eta[1]   0.11  2.8e-3   0.12 5.5e-4   0.02   0.07   0.14   0.43   2000   1.01
beta_eta[2]   3.64    0.03   1.34   1.44   2.63   3.53   4.47    6.6   2000    1.0
beta_eta[3]  18.63    0.27   6.81   9.04  13.77  17.33  22.22  35.39    655   1.01
beta_eta[4]  26.52    0.17   7.39   14.5  21.25  25.65  30.86  42.33   2000    1.0
beta_eta[5]   0.33    0.01   0.57 4.8e-3   0.08   0.19    0.4   1.47   1664    1.0
beta_eta[6]   2.48    0.04   1.17   0.87   1.65   2.25    3.1   5.28   1045    1.0
beta_eta[7]   4.88    0.04   1.56   2.32   3.77    4.7   5.81   8.63   1278    1.0
beta_eta[8]   3.92    0.05   1.62   1.62   2.77   3.66   4.79   7.62   1106    1.0
beta_eta[9]   1.51    0.03   0.83   0.58   0.97   1.32   1.78   3.71    833    1.0
lp__        142.92    0.34   3.67 134.57 140.72 143.27 145.57 148.89    120   1.04

Samples were drawn using NUTS at Wed Dec 13 03:06:09 2017.
For each parameter, n_eff is a crude measure of effective sample size,
and Rhat is the potential scale reduction factor on split chains (at 
convergence, Rhat=1).