Inference for Stan model: anon_model_9a4625ae0c00f307fe8c2f96c1066e75.
4 chains, each with iter=500; warmup=250; thin=1; 
post-warmup draws per chain=250, total post-warmup draws=1000.

              mean se_mean     sd   2.5%    25%    50%    75%  97.5%  n_eff   Rhat
theta[0]       0.4    0.03   0.22   0.07   0.25   0.37   0.49   0.96     68   1.03
theta[1]      0.54    0.03   0.19   0.25   0.36   0.51   0.73   0.81     30   1.15
theta[2]      0.59    0.02   0.13   0.41    0.5   0.56   0.65    0.9     68   1.03
theta[3]      0.38    0.01   0.22   0.03   0.21   0.38   0.53   0.85    389   1.01
rho_eta[0]    0.66  4.1e-3    0.1   0.43   0.59   0.66   0.73   0.83    633    1.0
rho_eta[1]    0.99  5.8e-4   0.01   0.95   0.98   0.99    1.0    1.0    645   1.01
rho_eta[2]    0.95  2.1e-3   0.04   0.85   0.93   0.96   0.98   0.99    357   1.02
rho_eta[3]    0.12  3.0e-3   0.07   0.02   0.07   0.11   0.15   0.29    510    1.0
rho_eta[4]  4.0e-4  5.0e-5 1.1e-3 2.1e-7 6.8e-6 5.3e-5 2.9e-4 3.2e-3    441   1.01
rho_eta[5]    0.99  3.6e-4   0.01   0.96   0.98   0.99    1.0    1.0    803   1.01
rho_eta[6]     0.9  3.3e-3   0.04    0.8   0.87    0.9   0.93   0.96    172   1.01
rho_eta[7]    0.41  2.8e-3   0.07   0.26   0.36   0.41   0.46   0.53    638    1.0
rho_eta[8]     0.6  6.6e-3    0.1   0.41   0.53   0.59   0.67   0.82    243    1.0
rho_eta[9]    0.97  9.4e-4   0.02    0.9   0.96   0.97   0.98   0.99    572    1.0
lambda_eta    1.04  5.1e-3   0.14    0.8   0.95   1.04   1.13   1.34    729   1.01
lambda_e      11.7    0.04   1.29   9.25  10.83  11.67  12.51  14.43   1000    1.0
beta_eta[0]   1.74    0.03   0.68   0.73   1.25   1.64   2.13   3.36    633    1.0
beta_eta[1]   0.05  2.4e-3   0.06 5.8e-5   0.01   0.03   0.07   0.21    648   1.01
beta_eta[2]   0.22  9.1e-3   0.17   0.02    0.1   0.18   0.29   0.67    360   1.02
beta_eta[3]   9.23    0.12   2.55   4.96   7.49   8.88  10.72  14.83    443    1.0
beta_eta[4]  40.35    0.76  10.39  22.97  32.59  39.36  47.62  61.51    187   1.03
beta_eta[5]   0.05  1.5e-3   0.04 4.4e-3   0.02   0.03   0.06   0.15    805   1.01
beta_eta[6]   0.44    0.02    0.2   0.16    0.3    0.4   0.55   0.89    176   1.01
beta_eta[7]   3.67    0.03   0.74   2.55   3.14   3.56    4.1    5.4    574   1.01
beta_eta[8]   2.09    0.04   0.69   0.81   1.63   2.09   2.54   3.52    257    1.0
beta_eta[9]   0.14  4.0e-3    0.1   0.04   0.08   0.11   0.18    0.4    574    1.0
lp__        225.09    0.23   3.22 218.09 223.19 225.42 227.46 230.48    194   1.01

Samples were drawn using NUTS at Thu Dec  7 19:51:50 2017.
For each parameter, n_eff is a crude measure of effective sample size,
and Rhat is the potential scale reduction factor on split chains (at 
convergence, Rhat=1).