Inference for Stan model: anon_model_1179007d733d0b6e43051db07e90f422.
4 chains, each with iter=500; warmup=250; thin=1; 
post-warmup draws per chain=250, total post-warmup draws=1000.

               mean se_mean     sd   2.5%    25%    50%    75%  97.5%  n_eff   Rhat
theta[0]        0.1  5.3e-3   0.12 1.9e-3   0.03   0.06   0.12   0.45    480    1.0
theta[1]       0.09  3.8e-3   0.08 3.2e-3   0.03   0.07   0.13   0.31    439   1.01
theta[2]       0.25    0.01   0.21 8.2e-3   0.09    0.2   0.37    0.8    294    1.0
theta[3]       0.45  9.4e-3    0.3   0.02   0.19   0.43   0.71   0.97   1000    1.0
theta[4]       0.61    0.01    0.2   0.29   0.47   0.59   0.77   0.98    264    1.0
rho_eta[0]     0.43  4.6e-3   0.13   0.19   0.34   0.43   0.53   0.69    822    1.0
rho_eta[1]      0.9  3.3e-3    0.1   0.61   0.85   0.93   0.97    1.0   1000    1.0
rho_eta[2]     0.24  3.8e-3   0.11   0.07   0.16   0.23   0.31   0.47    823    1.0
rho_eta[3]   7.2e-3  2.7e-4 8.4e-3 2.8e-4 2.0e-3 4.4e-3 9.5e-3   0.03   1000    1.0
rho_eta[4]   3.1e-3  3.4e-4 9.0e-3 1.7e-7 4.6e-5 3.9e-4 2.1e-3   0.03    684    1.0
rho_eta[5]      0.7  8.0e-3   0.21   0.11   0.61   0.76   0.86   0.96    699    1.0
rho_eta[6]     0.72  5.8e-3   0.14   0.39   0.65   0.75   0.82   0.91    574    1.0
rho_eta[7]      0.6  4.3e-3   0.11   0.35   0.54   0.61   0.68   0.79    691    1.0
rho_eta[8]     0.74  5.3e-3   0.13   0.44   0.66   0.76   0.84   0.93    621    1.0
rho_eta[9]     0.95  2.7e-3   0.05   0.81   0.92   0.96   0.99    1.0    399   1.01
rho_eta[10]    0.83  3.2e-3   0.07   0.66    0.8   0.84   0.88   0.92    480    1.0
lambda_eta     0.86  4.0e-3   0.11   0.67   0.78   0.85   0.92   1.08    717    1.0
lambda_e      11.16    0.12    2.9   6.72   9.14   10.7  12.74  18.05    542    1.0
beta_eta[0]    3.54    0.05   1.39   1.47   2.57   3.35   4.27    6.7    711    1.0
beta_eta[1]    0.47    0.02   0.54 1.3e-3   0.11    0.3   0.63   1.99   1000    1.0
beta_eta[2]    6.16    0.08   2.08    3.0   4.63   5.88   7.31  10.86    764   1.01
beta_eta[3]   22.07    0.15   4.74  14.01  18.61  21.67  24.93  32.69   1000    1.0
beta_eta[4]   33.19    0.63  12.06  14.39  24.66  31.39  39.99  62.47    366    1.0
beta_eta[5]    1.76    0.08   2.07   0.16    0.6   1.09   1.98   8.68    649    1.0
beta_eta[6]    1.43    0.04    1.0   0.38    0.8   1.17    1.7   3.78    513    1.0
beta_eta[7]    2.12    0.03   0.84   0.96   1.54   1.98   2.47   4.24    616    1.0
beta_eta[8]    1.28    0.03   0.81   0.28   0.69   1.09   1.65   3.28    635    1.0
beta_eta[9]    0.23    0.01   0.24 6.6e-5   0.04   0.16   0.33   0.83    421   1.01
beta_eta[10]   0.77    0.02   0.37   0.33   0.53   0.69   0.91   1.67    457    1.0
lp__         -84.55     0.2   3.59 -92.39 -86.73 -84.46 -81.81 -78.54    310    1.0

Samples were drawn using NUTS at Wed Nov 15 11:58:16 2017.
For each parameter, n_eff is a crude measure of effective sample size,
and Rhat is the potential scale reduction factor on split chains (at 
convergence, Rhat=1).