Inference for Stan model: anon_model_9a4625ae0c00f307fe8c2f96c1066e75.
4 chains, each with iter=500; warmup=250; thin=1; 
post-warmup draws per chain=250, total post-warmup draws=1000.

              mean se_mean     sd   2.5%    25%    50%    75%  97.5%  n_eff   Rhat
theta[0]      0.56    0.02   0.23   0.17    0.4    0.5   0.78   0.97    149   1.03
theta[1]      0.53    0.02   0.27   0.07   0.32   0.49   0.79   0.95    126   1.01
theta[2]      0.68    0.01   0.16   0.45   0.55   0.63   0.83   0.98    153   1.02
theta[3]      0.53    0.01   0.19   0.13    0.4   0.53   0.66    0.9    274   1.01
rho_eta[0]    0.85  3.0e-3   0.07    0.7   0.82   0.86    0.9   0.95    498    1.0
rho_eta[1]    0.98  8.9e-4   0.03    0.9   0.97   0.99    1.0    1.0   1000    1.0
rho_eta[2]    0.51  7.3e-3   0.15   0.23   0.39    0.5   0.62   0.79    419    1.0
rho_eta[3]    0.05  1.3e-3   0.04 2.1e-3   0.02   0.03   0.06   0.16   1000    1.0
rho_eta[4]    0.01  3.7e-4   0.01 4.5e-4 2.8e-3 6.5e-3   0.01   0.04   1000    1.0
rho_eta[5]    0.96  2.0e-3   0.06   0.81   0.95   0.97   0.99    1.0    807    1.0
rho_eta[6]    0.52  6.7e-3   0.15   0.24   0.43   0.52   0.62    0.8    474    1.0
rho_eta[7]    0.38  7.1e-3   0.14   0.14   0.28   0.36   0.45   0.71    388    1.0
rho_eta[8]    0.33  6.2e-3   0.13   0.09   0.25   0.33   0.42   0.59    421    1.0
rho_eta[9]    0.76  6.8e-3   0.12   0.45   0.71   0.78   0.84   0.91    303   1.01
lambda_eta    1.72  7.3e-3    0.2   1.37   1.58    1.7   1.85   2.13    738    1.0
lambda_e     22.77     0.1   2.61  17.93  20.97  22.61  24.54  28.12    703    1.0
beta_eta[0]   0.66    0.01   0.33   0.21   0.43   0.59   0.81   1.43    501    1.0
beta_eta[1]   0.09  3.8e-3   0.12 2.9e-4   0.01   0.05   0.12   0.42   1000    1.0
beta_eta[2]   2.92    0.07   1.32   0.96    1.9   2.73   3.72    5.9    412    1.0
beta_eta[3]  14.08    0.18   4.24   7.42  11.03  13.59  16.32  24.58    536   1.01
beta_eta[4]  20.56    0.16   4.63  12.59  17.29  20.12  23.46  30.86    796    1.0
beta_eta[5]   0.19    0.01   0.33 1.0e-3   0.04   0.11   0.22   0.82    847    1.0
beta_eta[6]   2.81    0.06   1.39   0.89    1.9   2.61   3.41   5.69    518    1.0
beta_eta[7]   4.18    0.07   1.56   1.38   3.16   4.08   5.09   7.74    456    1.0
beta_eta[8]   4.75    0.11   1.89   2.13   3.44   4.47   5.57   9.66    305    1.0
beta_eta[9]   1.17    0.04   0.75   0.37   0.68   0.97    1.4   3.21    323   1.01
lp__        225.65    0.24   3.48 217.94 223.45 226.05 228.18 231.34    213   1.01

Samples were drawn using NUTS at Sun Dec  3 14:48:06 2017.
For each parameter, n_eff is a crude measure of effective sample size,
and Rhat is the potential scale reduction factor on split chains (at 
convergence, Rhat=1).