Inference for Stan model: anon_model_9a4625ae0c00f307fe8c2f96c1066e75.
4 chains, each with iter=500; warmup=250; thin=1; 
post-warmup draws per chain=250, total post-warmup draws=1000.

              mean se_mean     sd   2.5%    25%    50%    75%  97.5%  n_eff   Rhat
theta[0]       0.3    0.01   0.15   0.05   0.18   0.28   0.39   0.68    129   1.02
theta[1]      0.46    0.04   0.18   0.25   0.33   0.38   0.61   0.81     16   1.22
theta[2]      0.54  4.4e-3   0.08    0.4   0.48   0.53   0.58   0.74    344    1.0
theta[3]      0.55    0.01   0.23   0.08   0.39   0.56   0.72   0.96    416    1.0
rho_eta[0]    0.77  3.7e-3    0.1   0.55   0.71   0.78   0.84   0.96    756    1.0
rho_eta[1]    0.98  5.8e-4   0.02   0.93   0.98   0.99    1.0    1.0   1000    1.0
rho_eta[2]    0.94  3.1e-3   0.04   0.83   0.92   0.95   0.97   0.99    197   1.02
rho_eta[3]    0.14  5.0e-3   0.06   0.03   0.09   0.13   0.18   0.28    164   1.01
rho_eta[4]  8.3e-5  1.3e-5 3.7e-4 5.7e-8 1.7e-6 8.6e-6 3.7e-5 6.5e-4    780    nan
rho_eta[5]    0.99  3.9e-4   0.01   0.96   0.99   0.99    1.0    1.0    741    1.0
rho_eta[6]     0.9  2.3e-3   0.04   0.81   0.88   0.91   0.93   0.96    292   1.02
rho_eta[7]    0.39  2.7e-3   0.07   0.24   0.35   0.39   0.44   0.52    678    1.0
rho_eta[8]    0.66  4.3e-3   0.09   0.49   0.59   0.66   0.72   0.82    407   1.01
rho_eta[9]    0.97  6.5e-4   0.02   0.92   0.96   0.97   0.98   0.99    774    1.0
lambda_eta    0.98  7.2e-3   0.14   0.72   0.89   0.98   1.06   1.24    356   1.01
lambda_e     10.09    0.04   1.15   7.94   9.27  10.05  10.86  12.44   1000    1.0
beta_eta[0]   1.07    0.02   0.56   0.18   0.69   0.99   1.37   2.37    937    1.0
beta_eta[1]   0.07  2.4e-3   0.08 7.0e-4   0.02   0.04   0.08   0.27   1000    1.0
beta_eta[2]   0.24    0.01   0.19   0.02   0.11   0.19   0.32   0.74    206   1.02
beta_eta[3]   8.34    0.16   2.07   5.03   6.83    8.1   9.55  13.62    157   1.02
beta_eta[4]   47.1    0.35   9.23  29.35  40.86  46.66  53.14  66.74    708    1.0
beta_eta[5]   0.04  1.6e-3   0.04 4.4e-3   0.02   0.03   0.05   0.15    736    1.0
beta_eta[6]   0.42    0.01   0.18   0.17   0.29   0.38   0.51   0.84    298   1.02
beta_eta[7]   3.82    0.03   0.79   2.59   3.28   3.72    4.2   5.73    606    1.0
beta_eta[8]   1.72    0.02   0.54    0.8   1.33   1.69    2.1   2.87    513   1.01
beta_eta[9]   0.12  2.8e-3   0.08   0.04   0.07   0.11   0.15   0.32    771    1.0
lp__        211.69    0.17    3.2 204.98 209.72 211.87  214.0  217.1    358    1.0

Samples were drawn using NUTS at Thu Dec  7 19:45:28 2017.
For each parameter, n_eff is a crude measure of effective sample size,
and Rhat is the potential scale reduction factor on split chains (at 
convergence, Rhat=1).