Inference for Stan model: anon_model_9a4625ae0c00f307fe8c2f96c1066e75.
4 chains, each with iter=500; warmup=250; thin=1; 
post-warmup draws per chain=250, total post-warmup draws=1000.

              mean se_mean     sd   2.5%    25%    50%    75%  97.5%  n_eff   Rhat
theta[0]      0.68    0.02   0.23   0.24   0.48   0.71   0.89   0.99    114   1.02
theta[1]      0.36    0.03   0.24   0.02   0.14   0.34   0.51    0.9     73   1.07
theta[2]      0.64    0.02   0.18   0.41   0.51   0.57   0.83   0.98     63   1.05
theta[3]       0.4    0.03   0.26   0.02   0.18   0.36   0.57   0.96    107   1.03
rho_eta[0]    0.83  4.1e-3   0.08   0.63   0.79   0.85   0.89   0.95    393   1.01
rho_eta[1]    0.98  9.1e-4   0.03   0.89   0.97   0.99    1.0    1.0   1000    1.0
rho_eta[2]    0.62  9.9e-3   0.15   0.33   0.52   0.63   0.73   0.88    220   1.02
rho_eta[3]     0.1  5.6e-3   0.08 6.1e-3   0.04   0.07   0.14   0.31    213   1.01
rho_eta[4]    0.02  9.9e-4   0.02 1.5e-3 7.1e-3   0.01   0.02   0.08    584   1.01
rho_eta[5]    0.97  1.8e-3   0.04   0.87   0.96   0.98   0.99    1.0    374   1.01
rho_eta[6]     0.5    0.01   0.17   0.21   0.38   0.48   0.63   0.84    188   1.02
rho_eta[7]    0.57    0.02    0.2   0.22    0.4   0.55   0.76   0.89    113   1.02
rho_eta[8]    0.27    0.01   0.17   0.03   0.13   0.25   0.41   0.61    149   1.01
rho_eta[9]    0.82  9.7e-3   0.13   0.43   0.79   0.86   0.91   0.96    178   1.01
lambda_eta    1.08  4.4e-3   0.12   0.85   0.99   1.07   1.16   1.32    766    1.0
lambda_e      14.4    0.06   1.59  11.44  13.29   14.3  15.38  17.64    730    1.0
beta_eta[0]   0.75    0.02   0.42   0.22   0.45   0.66   0.92   1.86    396   1.01
beta_eta[1]    0.1  3.8e-3   0.12 4.6e-4   0.02   0.05   0.14   0.46   1000    1.0
beta_eta[2]   2.02    0.07   1.04    0.5   1.27   1.84   2.59   4.43    231   1.02
beta_eta[3]  10.96    0.29   4.11   4.69   7.83  10.46  13.19  20.41    203   1.01
beta_eta[4]   17.5    0.18   3.91  10.26  14.97  17.25  19.78  25.91    449   1.01
beta_eta[5]   0.13  8.0e-3   0.16 4.5e-5   0.03   0.08   0.16   0.55    374   1.01
beta_eta[6]   3.02     0.1   1.52    0.7   1.84   2.93   3.92   6.28    225   1.01
beta_eta[7]   2.57    0.14   1.64   0.48   1.09   2.38   3.68   5.99    141   1.01
beta_eta[8]   6.17    0.23   3.19   1.98   3.58   5.62   8.15  13.43    188   1.01
beta_eta[9]   0.84    0.06   0.82   0.18   0.38    0.6   0.95   3.38    181   1.01
lp__        139.08    0.37   3.78 130.68 136.63 139.52 141.88 145.29    107   1.03

Samples were drawn using NUTS at Thu Dec  7 16:46:22 2017.
For each parameter, n_eff is a crude measure of effective sample size,
and Rhat is the potential scale reduction factor on split chains (at 
convergence, Rhat=1).