Inference for Stan model: anon_model_9a4625ae0c00f307fe8c2f96c1066e75.
4 chains, each with iter=500; warmup=250; thin=1; 
post-warmup draws per chain=250, total post-warmup draws=1000.

              mean se_mean     sd   2.5%    25%    50%    75%  97.5%  n_eff   Rhat
theta[0]       0.8    0.01   0.18   0.39    0.7   0.85   0.94   0.99    159   1.02
theta[1]       0.5  4.7e-3   0.11   0.29   0.43    0.5   0.57   0.71    517    1.0
theta[2]      0.78  7.9e-3   0.11   0.53   0.72   0.81   0.86   0.96    198   1.02
theta[3]      0.21  6.6e-3   0.13   0.02    0.1   0.19   0.28   0.49    410    1.0
rho_eta[0]    0.67  2.9e-3   0.09   0.46   0.61   0.67   0.73   0.84   1000    1.0
rho_eta[1]    0.98  5.9e-4   0.02   0.93   0.98   0.99    1.0    1.0   1000    1.0
rho_eta[2]    0.91  2.4e-3   0.06   0.76   0.89   0.93   0.96   0.99    608    1.0
rho_eta[3]    0.03  1.1e-3   0.03 2.7e-3   0.01   0.02   0.03   0.09    536    1.0
rho_eta[4]  5.6e-3  1.8e-4 5.0e-3 4.0e-4 2.1e-3 4.2e-3 7.6e-3   0.02    759    1.0
rho_eta[5]    0.98  4.6e-4   0.01   0.95   0.98   0.99   0.99    1.0   1000    1.0
rho_eta[6]    0.87  2.0e-3   0.05   0.75   0.85   0.88   0.91   0.94    643    1.0
rho_eta[7]    0.45  2.8e-3   0.07   0.32   0.41   0.45    0.5   0.57    581    1.0
rho_eta[8]    0.59  4.6e-3   0.09    0.4   0.53   0.59   0.66   0.75    400   1.01
rho_eta[9]    0.87  3.8e-3   0.08   0.68   0.83   0.89   0.93   0.97    439    1.0
lambda_eta     1.5  6.7e-3   0.19   1.15   1.37   1.49   1.62   1.88    758    1.0
lambda_e     21.83    0.09   2.43  17.46  20.19  21.81  23.35  26.82    788    1.0
beta_eta[0]   1.67    0.02   0.59    0.7   1.27   1.61   1.98   3.09   1000    1.0
beta_eta[1]   0.06  2.4e-3   0.08 1.4e-4   0.01   0.04   0.09   0.28   1000    1.0
beta_eta[2]   0.37    0.01   0.27   0.05   0.18    0.3   0.47   1.09    609    1.0
beta_eta[3]  16.03    0.16   3.62   9.57  13.63  15.98  18.33  23.69    513   1.01
beta_eta[4]  22.33    0.19   3.98  15.81  19.54  21.94  24.76  31.27    459    1.0
beta_eta[5]   0.07  1.9e-3   0.06 3.1e-3   0.02   0.05   0.09   0.22   1000    1.0
beta_eta[6]   0.56  9.7e-3   0.24   0.23   0.39   0.51   0.66   1.14    630    1.0
beta_eta[7]   3.23    0.03   0.63   2.25   2.78   3.18    3.6   4.57    531    1.0
beta_eta[8]   2.15    0.04   0.68   1.14   1.67   2.08    2.5    3.7    359   1.01
beta_eta[9]   0.58    0.02   0.41   0.12   0.31   0.48   0.74   1.55    458    1.0
lp__        319.95    0.19   3.31 312.55 318.02 320.34  322.3 325.47    303   1.01

Samples were drawn using NUTS at Mon Dec 11 17:43:31 2017.
For each parameter, n_eff is a crude measure of effective sample size,
and Rhat is the potential scale reduction factor on split chains (at 
convergence, Rhat=1).